data	D00049	D00059	D00079	D00094	D00095	D00106	D00110	D00113	D00136	D00139	D00180	D00225	D00227	D00232	D00234	D00235	D00241	D00255	D00270	D00274	D00281	D00283	D00295	D00300	D00301	D00306	D00318	D00332	D00336	D00356	D00364	D00371	D00380	D00394	D00397	D00400	D00410	D00411	D00415	D00419	D00422	D00426	D00432	D00437	D00440	D00442	D00443	D00451	D00454	D00465	D00480	D00483	D00493	D00494	D00498	D00499	D00503	D00509	D00513	D00514	D00520	D00521	D00522	D00523	D00524	D00525	D00528	D00540	D00542	D00559	D00560	D00563	D00574	D00598	D00601	D00604	D00606	D00607	D00609	D00613	D00627	D00632	D00635	D00645	D00646	D00665	D00666	D00673	D00674	D00675	D00676	D00682	D00683	D00684	D00687	D00688	D00715	D00726	D00760	D00765	D00769	D00775	D00779	D00780	D00790	D00837	D00838	D00845	D00954	D00965	D00987	D00996	D01020	D01022	D01024	D01051	D01071	D01103	D01118	D01126	D01164	D01227	D01236	D01242	D01269	D01295	D01297	D01324	D01332	D01346	D01352	D01358	D01386	D01390	D01441	D01454	D01462	D01603	D01652	D01692	D01699	D01712	D01713	D01717	D01745	D01782	D01828	D01871	D01891	D01925	D01964	D01965	D01973	D01994	D02007	D02066	D02070	D02076	D02082	D02147	D02149	D02150	D02234	D02237	D02250	D02278	D02279	D02327	D02338	D02340	D02342	D02349	D02354	D02356	D02357	D02358	D02359	D02361	D02374	D02566	D02578	D02588	D02614	D02671	D02721	D02725	D02826	D02884	D02910	D03165	D03187	D03210	D03274	D03365	D03415	D03442	D03490	D03503	D03621	D03642	D03654	D03858	D03879	D03880	D03881	D03966	D04006	D04034	D04040	D04375	D04625	D04716	D04979	D05113	D05129	D05246	D05312	D05341	D05740	D05792	D05938	D06056	D06396	
D00049	0.99	0.084071	0.029464	0.015046	0.161229	0.014868	0.193757	0.124732	0.114568	0.0924	0.031015	0.058929	0.075591	0.032143	0.0693	0.1155	0.214193	0.108538	0.068433	0.122187	0.083061	0.071369	0.057245	0.144921	0.051172	0.040623	0.050244	0.057068	0.083571	0.077818	0.13211	0.073434	0.171843	0.066295	0.142902	0.064631	0.285383	0.08677	0.098885	0.032256	0.051742	0.090775	0.075326	0.109245	0.042544	0.037369	0.021046	0.124228	0.060612	0.142018	0.053772	0.119483	0.046506	0.057357	0.030905	0.060961	0.056813	0.092748	0.138177	0.106857	0.078158	0.07485	0.083571	0.072857	0.040543	0.047143	0.085026	0.118348	0.023571	0.042429	0.087972	0.133571	0.169877	0.103992	0.054908	0.075839	0.148413	0.032459	0.124377	0.085258	0.064631	0.09625	0.081153	0.085258	0.070714	0.120866	0.096283	0.049336	0.104464	0.215089	0.121484	0.016319	0.064406	0.138398	0.161464	0.061832	0.099786	0.174124	0.037996	0.016564	0.115933	0.063171	0.12375	0.032845	0.062395	0.057455	0.041531	0.082329	0.022484	0.096597	0.054892	0.149286	0.096032	0.053036	0.070714	0.117356	0.064286	0.084071	0.062395	0.02619	0.066	0.070714	0.063678	0.06325	0.088761	0.082238	0.099922	0.060612	0.094286	0.189958	0.016748	0.100179	0.13899	0.149286	0.062965	0.068504	0.068803	0.058075	0.086743	0.067571	0.074778	0.077449	0.083286	0.070378	0.046706	0.105451	0.093107	0.059583	0.075991	0.052726	0.066055	0.080468	0.065377	0.073776	0.04218	0.068252	0.103227	0.093444	0.072959	0.13899	0.093857	0.130023	0.039087	0.030504	0.033068	0.02619	0.023571	0.126238	0.101946	0.072024	0.110714	0.103313	0.053791	0.058475	0.066786	0.096032	0.111533	0.148077	0.093012	0.10341	0.093413	0.058929	0.09556	0.035659	0.014006	0.052041	0.044725	0.074537	0.112455	0.036429	0.028286	0.094648	0.156256	0.170893	0.042046	0.020893	0.10102	0.053429	0.106857	0.142018	0.077449	0.118571	0.101912	0.029964	0.071819	0.023571	0.068189	0.136449	0.078571	0.127679	0.13899	0.098908	0.055507	0.034778	0.070714	0.067918	0.044248	0.023571	0.054127	0.107312	0.097092	0.085367	0.072061	
D00059	0.084071	0.99	0.08745	0.061085	0.28072	0.073785	0.08558	0.081125	0.067023	0.07084	0.092053	0.054694	0.077759	0.0412	0.05126	0.096067	0.111435	0.056791	0.057129	0.084857	0.076476	0.054694	0.0605	0.069259	0.055846	0.06834	0.070053	0.091474	0.09	0.050932	0.047581	0.087154	0.073097	0.037813	0.100719	0.0825	0.066786	0.081304	0.064927	0.069474	0.120732	0.056638	0.081065	0.081865	0.101415	0.048829	0.05081	0.061243	0.056257	0.04675	0.061531	0.064103	0.063324	0.065633	0.120022	0.089138	0.060077	0.081065	0.064483	0.1155	0.054421	0.079316	0.0676	0.0492	0.07876	0.119581	0.083679	0.057521	0.061769	0.0682	0.051464	0.075533	0.078138	0.084765	0.082953	0.069826	0.065185	0.03841	0.081915	0.08683	0.072742	0.191278	0.066943	0.071617	0.133571	0.054532	0.081475	0.115116	0.0515	0.050875	0.049288	0.06741	0.097606	0.083914	0.066183	0.083058	0.064167	0.085871	0.044821	0.039441	0.068694	0.0858	0.051944	0.05527	0.052088	0.067513	0.126238	0.048783	0.059738	0.103098	0.061178	0.259519	0.151963	0.110306	0.16632	0.068574	0.059667	0.0517	0.042382	0.165	0.068933	0.058333	0.03497	0.048767	0.045031	0.061356	0.056196	0.034571	0.047463	0.097059	0.075408	0.070813	0.140345	0.197593	0.04611	0.094531	0.057527	0.051971	0.04884	0.083356	0.082879	0.078048	0.066	0.075114	0.05113	0.071211	0.168025	0.047056	0.080448	0.11825	0.062674	0.124793	0.099208	0.058714	0.068779	0.119194	0.067138	0.088393	0.098651	0.147931	0.1362	0.226387	0.032722	0.025235	0.044791	0.100222	0.128333	0.050356	0.12375	0.065083	0.087333	0.096191	0.047949	0.076365	0.0781	0.118148	0.181634	0.055	0.101378	0.052161	0.079444	0.132162	0.122189	0.077	0.069507	0.076286	0.084333	0.079081	0.078146	0.0613	0.073785	0.061092	0.085516	0.10725	0.038351	0.06165	0.086429	0.0561	0.0715	0.093225	0.085839	0.056667	0.202529	0.074763	0.146266	0.121	0.078964	0.074676	0.112588	0.070583	0.197621	0.067941	0.054645	0.067443	0.11	0.076441	0.072175	0.052905	0.041556	0.075842	0.065738	0.074622	0.0858	
D00079	0.029464	0.08745	0.99	0.125096	0.08932	0.421977	0.11495	0.110573	0.041698	0.01782	0.721851	0.013139	0.056138	0.0965	0.02343	0.065633	0.058587	0.032105	0.019516	0.052418	0.01781	0.026583	0.045179	0.022407	0.071312	0.100404	0.049211	0.088289	0.0555	0.147521	0.040674	0.039346	0.064758	0.027844	0.043656	0.081169	0.034964	0.041848	0.06989	0.368404	0.0605	0.044234	0.109283	0.068856	0.0605	0.063049	0.114845	0.045486	0.027343	0.083188	0.015469	0.032052	0.022892	0.01815	0.121978	0.101276	0.025244	0.045196	0.049121	0.0649	0.040237	0.054325	0.0296	0.0491	0.05852	0.101306	0.031625	0.068979	0.028769	0.048033	0.037027	0.01925	0.063345	0.062441	0.073894	0.016261	0.039519	0.065459	0.032883	0.044234	0.029629	0.045528	0.07645	0.035809	0.06194	0.055936	0.079144	0.057558	0.047125	0.02876	0.067798	0.282333	0.058718	0.0473	0.042808	0.06042	0.09405	0.050565	0.052127	0.099545	0.073071	0.01496	0.065083	0.094582	0.031544	0.088688	0.085905	0.067116	0.1298	0.055324	0.090562	0.0825	0.037685	0.045528	0.06215	0.04517	0.0925	0.060683	0.020221	0.088815	0.039722	0.028667	0.026104	0.031258	0.064367	0.038867	0.034913	0.024671	0.079343	0.037745	0.409533	0.017875	0.073586	0.057241	0.026596	0.048297	0.081162	0.043522	0.03586	0.047178	0.056233	0.0495	0.009717	0.101593	0.051843	0.035026	0.050738	0.022458	0.127485	0.115355	0.141081	0.063914	0.066415	0.055857	0.117353	0.053687	0.097293	0.076509	0.063556	0.061259	0.0982	0.085339	0.035437	0.059853	0.059709	0.120185	0.101881	0.056833	0.087588	0.026583	0.065833	0.064947	0.025667	0.045058	0.107983	0.064167	0.086122	0.039064	0.070608	0.028565	0.026685	0.128926	0.060351	0.039769	0.296203	0.110929	0.061487	0.057378	0.055229	0.10045	0.359615	0.064138	0.0385	0.05115	0.032405	0.08285	0.066786	0.041983	0.027317	0.038775	0.058241	0.037	0.049662	0.106131	0.084648	0.136185	0.063446	0.03362	0.07301	0.029792	0.060879	0.084873	0.017387	0.101795	0.059378	0.049314	0.115114	0.143262	0.028519	0.050658	0.049238	0.072986	0.060814	
D00094	0.015046	0.061085	0.125096	0.99	0.036791	0.114933	0.046902	0.048856	0.049965	0.011515	0.115789	0.017748	0.036196	0.058468	0.037353	0.080511	0.047928	0.022533	0.03103	0.059752	0.022736	0.030035	0.051657	0.027825	0.048069	0.095758	0.069658	0.085733	0.054383	0.063384	0.055027	0.024574	0.045525	0.037959	0.045858	0.06942	0.035357	0.05556	0.048293	0.107783	0.103093	0.050942	0.064107	0.098028	0.103093	0.070898	0.076064	0.047631	0.035909	0.0825	0.03006	0.033169	0.029224	0.033	0.068184	0.127109	0.032226	0.046707	0.034138	0.025745	0.038802	0.067256	0.023106	0.054383	0.062068	0.041222	0.044886	0.063923	0.036727	0.025745	0.037489	0.021298	0.071908	0.070213	0.067817	0.020759	0.032506	0.079766	0.039588	0.045713	0.036918	0.058121	0.08235	0.036152	0.065198	0.066179	0.069142	0.098135	0.055691	0.032473	0.059006	0.096227	0.073773	0.050252	0.044234	0.070518	0.048798	0.062512	0.059	0.052754	0.030521	0.019098	0.091082	0.053293	0.030357	0.058101	0.035608	0.067364	0.0633	0.065807	0.057901	0.033806	0.048109	0.066312	0.064315	0.05632	0.090638	0.054649	0.03015	0.075934	0.04244	0.037234	0.015614	0.031947	0.047942	0.065844	0.027169	0.033903	0.088026	0.041164	0.09876	0.019747	0.02179	0.05513	0.032798	0.061656	0.071921	0.038464	0.037353	0.05617	0.035591	0.029757	0.013574	0.056772	0.034586	0.046377	0.051957	0.026915	0.075033	0.063376	0.066784	0.065249	0.039611	0.060365	0.060679	0.062144	0.050481	0.040874	0.079463	0.066823	0.055787	0.048016	0.043905	0.076408	0.071021	0.085556	0.068541	0.068184	0.092154	0.030035	0.091277	0.082911	0.045728	0.084525	0.052777	0.073333	0.045553	0.052209	0.079701	0.033294	0.041868	0.065566	0.033968	0.050769	0.116105	0.070578	0.047709	0.052375	0.060997	0.059106	0.103483	0.094841	0.040882	0.020713	0.026947	0.049723	0.068207	0.047979	0.03066	0.040372	0.036862	0.053404	0.062365	0.059383	0.062094	0.066702	0.02959	0.0357	0.084393	0.031888	0.078202	0.053279	0.020611	0.047192	0.074655	0.047364	0.043113	0.164833	0.040481	0.05654	0.064529	0.043266	0.050353	
D00095	0.161229	0.28072	0.08932	0.036791	0.99	0.075342	0.098736	0.11385	0.11573	0.098208	0.094021	0.076633	0.103324	0.04656	0.078144	0.15884	0.185948	0.079507	0.080477	0.098057	0.078571	0.087267	0.041957	0.115378	0.065662	0.073583	0.071558	0.078505	0.07824	0.065277	0.074288	0.090877	0.14009	0.064763	0.127463	0.069406	0.129643	0.064852	0.105922	0.074337	0.07598	0.077515	0.1254	0.071585	0.058595	0.044322	0.044314	0.090616	0.08976	0.08745	0.046613	0.114248	0.077059	0.04972	0.10032	0.0792	0.073108	0.098139	0.114248	0.16456	0.068547	0.087305	0.07032	0.07824	0.045408	0.099213	0.100414	0.07205	0.050769	0.099	0.0924	0.10384	0.14611	0.140153	0.091158	0.071739	0.100711	0.033325	0.078077	0.116272	0.076858	0.2189	0.086366	0.065438	0.141429	0.0924	0.110522	0.072447	0.0762	0.084975	0.072346	0.062785	0.113594	0.08184	0.07634	0.09393	0.09042	0.157123	0.045116	0.040195	0.08782	0.10296	0.086533	0.050852	0.073376	0.07887	0.117543	0.060835	0.047317	0.083082	0.060395	0.916667	0.120267	0.086533	0.130416	0.079481	0.0708	0.07942	0.070659	0.082622	0.0836	0.063	0.060878	0.05236	0.058781	0.077733	0.086661	0.059211	0.065756	0.110259	0.070516	0.09735	0.243062	0.357378	0.062203	0.099413	0.061362	0.060835	0.06996	0.064827	0.091262	0.0836	0.0748	0.101263	0.069667	0.063916	0.10758	0.057567	0.083928	0.078679	0.061088	0.103097	0.114815	0.065314	0.072808	0.144018	0.096952	0.07755	0.06139	0.27811	0.45	0.511819	0.039767	0.024329	0.03922	0.120267	0.137029	0.077733	0.12606	0.1012	0.1444	0.154468	0.058554	0.101792	0.0858	0.138356	0.24919	0.114738	0.148768	0.102619	0.099244	0.079782	0.275416	0.055508	0.067722	0.079714	0.129969	0.094897	0.110275	0.0564	0.078997	0.091994	0.095594	0.1749	0.046973	0.04098	0.141051	0.03916	0.1166	0.10857	0.094521	0.0944	0.231776	0.066783	0.149738	0.075183	0.082029	0.101324	0.075835	0.08635	0.332731	0.110259	0.066852	0.070544	0.080547	0.065553	0.075495	0.037086	0.056059	0.070516	0.099943	0.103459	0.081463	
D00106	0.014868	0.073785	0.421977	0.114933	0.075342	0.99	0.105905	0.100481	0.045692	0.014012	0.42566	0.012128	0.050769	0.112708	0.02772	0.060585	0.04812	0.033295	0.021454	0.046728	0.01644	0.024538	0.04261	0.023692	0.061921	0.098838	0.045425	0.081498	0.043108	0.153212	0.044984	0.033976	0.042089	0.029668	0.033159	0.083687	0.021396	0.037967	0.066124	0.226324	0.062038	0.049473	0.105732	0.061997	0.062038	0.064473	0.115258	0.04583	0.029156	0.070823	0.020625	0.033963	0.024561	0.023523	0.114062	0.07878	0.026817	0.041719	0.050769	0.059908	0.036073	0.05353	0.027323	0.041538	0.06072	0.100556	0.027016	0.05775	0.026556	0.044338	0.034179	0.022169	0.049194	0.063462	0.064328	0.01501	0.024444	0.062837	0.03165	0.040831	0.02735	0.042026	0.06629	0.033054	0.062132	0.056278	0.07667	0.059034	0.051923	0.031096	0.053601	0.252284	0.050412	0.0396	0.036046	0.04812	0.083092	0.043236	0.052815	0.108353	0.049526	0.013809	0.054577	0.098917	0.027774	0.077487	0.080385	0.057906	0.12458	0.045195	0.103555	0.069573	0.034786	0.037372	0.062142	0.048609	0.071846	0.060331	0.022846	0.07465	0.03441	0.025923	0.020383	0.031392	0.062986	0.044	0.029247	0.027125	0.073239	0.036932	0.390188	0.020625	0.061798	0.047009	0.023924	0.044582	0.082946	0.047237	0.034625	0.041744	0.05357	0.044846	0.011508	0.087686	0.038453	0.032332	0.042392	0.0275	0.122073	0.106482	0.135424	0.058997	0.059869	0.05156	0.09737	0.042282	0.088496	0.061195	0.057458	0.056546	0.090646	0.072387	0.038623	0.050769	0.060814	0.127487	0.094044	0.057087	0.079454	0.028346	0.073077	0.059951	0.027207	0.045595	0.115923	0.059231	0.079497	0.037491	0.059551	0.026367	0.033658	0.124907	0.055709	0.045562	0.392689	0.111429	0.063787	0.052004	0.050029	0.105323	0.227759	0.057564	0.03038	0.047215	0.032245	0.074054	0.067596	0.0396	0.025215	0.029827	0.055484	0.038615	0.045842	0.114833	0.073219	0.140719	0.049681	0.027101	0.067394	0.0275	0.050419	0.083421	0.019161	0.083062	0.05481	0.04552	0.094502	0.132242	0.03159	0.046761	0.05222	0.067372	0.044387	
D00110	0.193757	0.08558	0.11495	0.046902	0.098736	0.105905	0.99	0.190025	0.073828	0.043296	0.121	0.046017	0.047452	0.14052	0.06204	0.07766	0.111626	0.071833	0.053439	0.103176	0.042743	0.072967	0.047379	0.090689	0.114964	0.100545	0.042032	0.053495	0.0564	0.152071	0.111893	0.040869	0.103258	0.067856	0.10395	0.068235	0.100886	0.083887	0.116868	0.135358	0.040405	0.092962	0.0924	0.100142	0.037829	0.053122	0.118957	0.075989	0.072977	0.109065	0.060225	0.090352	0.056189	0.06512	0.11176	0.080338	0.066	0.076617	0.091262	0.11132	0.077926	0.093905	0.05616	0.07692	0.049104	0.112839	0.061757	0.097213	0.026908	0.06204	0.064704	0.08932	0.115841	0.067747	0.079122	0.039026	0.076756	0.055072	0.088328	0.059821	0.063232	0.057567	0.072977	0.077094	0.103871	0.092821	0.1254	0.038372	0.07635	0.114538	0.084023	0.088508	0.067766	0.087591	0.07766	0.0682	0.1386	0.111987	0.049155	0.086751	0.12109	0.02904	0.1221	0.0858	0.054741	0.083408	0.1342	0.10053	0.09372	0.071047	0.136882	0.091178	0.047422	0.049867	0.08448	0.111919	0.063	0.11473	0.069882	0.0748	0.0528	0.0597	0.047087	0.06226	0.105806	0.08624	0.066861	0.082971	0.100344	0.090329	0.090837	0.083531	0.153848	0.082622	0.063468	0.051563	0.09017	0.061313	0.069036	0.046053	0.105031	0.048086	0.06358	0.116349	0.042778	0.0759	0.054285	0.064167	0.164507	0.0891	0.1419	0.096952	0.112823	0.070629	0.100112	0.066493	0.169893	0.098293	0.084857	0.094221	0.10692	0.104323	0.055306	0.053965	0.047007	0.095333	0.069457	0.116307	0.070785	0.07095	0.0706	0.063191	0.048231	0.070823	0.11715	0.070889	0.103185	0.072431	0.067962	0.090697	0.062089	0.099582	0.091508	0.059231	0.099765	0.139286	0.078862	0.049232	0.061325	0.08604	0.118698	0.086511	0.082287	0.1155	0.054049	0.06783	0.065811	0.044	0.09746	0.099165	0.108782	0.1062	0.061729	0.07232	0.097969	0.11177	0.053036	0.067487	0.071824	0.053625	0.094221	0.119447	0.053439	0.073033	0.047547	0.056603	0.084411	0.055629	0.060785	0.103689	0.082657	0.066714	0.066566	
D00113	0.124732	0.081125	0.110573	0.048856	0.11385	0.100481	0.190025	0.99	0.090974	0.038775	0.116393	0.047934	0.070647	0.10275	0.053625	0.089375	0.122853	0.074826	0.056331	0.07352	0.032738	0.084983	0.050089	0.104144	0.406154	0.097274	0.055362	0.077072	0.048375	0.128176	0.070349	0.072188	0.119093	0.070684	0.184121	0.065867	0.092567	0.088179	0.111509	0.089375	0.053323	0.086742	0.089226	0.072584	0.05064	0.04997	0.095677	0.059088	0.070321	0.130797	0.038672	0.094116	0.053885	0.042167	0.107708	0.092457	0.05024	0.061427	0.095065	0.097625	0.085636	0.09239	0.058125	0.09925	0.05665	0.127077	0.067031	0.132201	0.038606	0.064625	0.06654	0.094875	0.127306	0.078051	0.08711	0.029891	0.091667	0.056465	0.071676	0.051197	0.060877	0.066649	0.066589	0.080306	0.076607	0.076941	0.110699	0.050203	0.060313	0.065885	0.076947	0.074832	0.065361	0.052741	0.06325	0.06596	0.199948	0.088931	0.05187	0.073891	0.079413	0.049225	0.127188	0.068975	0.05136	0.081641	0.119658	0.064167	0.102067	0.078051	0.090976	0.104398	0.049398	0.046024	0.069988	0.098883	0.082708	0.092927	0.065717	0.098796	0.060653	0.052708	0.05264	0.060615	0.079922	0.080361	0.076073	0.07975	0.079063	0.068211	0.081957	0.087012	0.171875	0.094977	0.057449	0.053711	0.079155	0.064167	0.090888	0.049653	0.109763	0.068259	0.066229	0.130527	0.049653	0.065313	0.040563	0.060156	0.113489	0.082681	0.108801	0.114741	0.164092	0.056161	0.088941	0.064235	0.398987	0.116998	0.076607	0.098147	0.12675	0.099577	0.054043	0.047047	0.044218	0.089884	0.102798	0.091208	0.060672	0.075434	0.08125	0.083231	0.056058	0.073774	0.127073	0.080972	0.115701	0.054471	0.078041	0.10379	0.064676	0.103732	0.087331	0.063109	0.094656	0.103036	0.061522	0.070794	0.057435	0.0765	0.108519	0.099423	0.056442	0.135781	0.046081	0.06825	0.075821	0.045833	0.112292	0.085594	0.113683	0.102083	0.071379	0.075159	0.115371	0.151101	0.053036	0.081144	0.087757	0.063594	0.117112	0.1406	0.064315	0.10707	0.049107	0.058962	0.121941	0.057946	0.054745	0.092089	0.064167	0.062618	0.038893	
D00136	0.114568	0.067023	0.041698	0.049965	0.11573	0.045692	0.073828	0.090974	0.99	0.100074	0.043892	0.113837	0.066291	0.054	0.15134	0.124326	0.18185	0.099054	0.17874	0.235088	0.062492	0.155407	0.035357	0.182196	0.101145	0.074785	0.055135	0.068666	0.084558	0.068754	0.142244	0.054902	0.135911	0.158045	0.130705	0.091722	0.160889	0.093094	0.077306	0.048066	0.061583	0.118545	0.092594	0.069365	0.051662	0.073749	0.044859	0.091263	0.145814	0.152145	0.092813	0.123585	0.14374	0.101047	0.052186	0.080978	0.146404	0.129965	0.104531	0.086721	0.112693	0.119963	0.099488	0.130744	0.039907	0.05174	0.077292	0.130145	0.064937	0.076488	0.132247	0.141209	0.167779	0.107893	0.08487	0.057058	0.10261	0.049066	0.07854	0.108095	0.088256	0.151996	0.096588	0.071356	0.131744	0.157734	0.147505	0.058183	0.074302	0.106323	0.090912	0.038077	0.130357	0.091764	0.085058	0.116785	0.085058	0.148785	0.08144	0.045977	0.116526	0.071526	0.141764	0.050953	0.17448	0.053241	0.06907	0.105996	0.046991	0.087127	0.068439	0.106305	0.07447	0.058198	0.080428	0.085072	0.066279	0.100023	0.138365	0.045762	0.126372	0.116744	0.09404	0.070988	0.104324	0.123643	0.118953	0.143402	0.107726	0.16026	0.039079	0.142456	0.077538	0.127907	0.098506	0.081061	0.068966	0.066957	0.096544	0.054233	0.126099	0.049701	0.108977	0.133864	0.09593	0.096536	0.095738	0.108721	0.080753	0.056043	0.058361	0.11075	0.088763	0.128472	0.054529	0.130465	0.075289	0.087022	0.093311	0.132053	0.094186	0.111403	0.089956	0.046047	0.06907	0.048036	0.042757	0.142744	0.109169	0.185252	0.113023	0.087684	0.062576	0.123529	0.070988	0.083282	0.135893	0.120429	0.114909	0.152498	0.083282	0.052705	0.143118	0.121216	0.047381	0.069967	0.091896	0.072388	0.098488	0.052674	0.050651	0.14239	0.121924	0.086337	0.06423	0.044477	0.104811	0.032233	0.186488	0.149651	0.130602	0.18186	0.162743	0.046567	0.119673	0.051052	0.053173	0.113063	0.099617	0.083779	0.145285	0.117674	0.094321	0.048689	0.093033	0.092743	0.052105	0.059203	0.094556	0.103605	0.114568	0.102256	0.05394	
D00139	0.0924	0.07084	0.01782	0.011515	0.098208	0.014012	0.043296	0.038775	0.100074	0.99	0.018758	0.122467	0.088076	0.01584	0.111408	0.09636	0.078626	0.104065	0.153716	0.099404	0.072914	0.1034	0.019329	0.116356	0.039826	0.036791	0.040642	0.040295	0.08976	0.021156	0.100995	0.112708	0.058761	0.116325	0.0891	0.058123	0.100414	0.096035	0.095298	0.018758	0.037668	0.088468	0.078913	0.047977	0.029298	0.046039	0.0253	0.075989	0.1188	0.0396	0.116325	0.14429	0.086335	0.12408	0.05456	0.030041	0.081908	0.097852	0.111972	0.09372	0.058821	0.056042	0.09648	0.05808	0.015312	0.040026	0.104657	0.032175	0.010154	0.03784	0.07425	0.09064	0.062814	0.075318	0.053421	0.066574	0.0572	0.021856	0.105038	0.117115	0.099426	0.1122	0.064869	0.059821	0.073857	0.067966	0.069132	0.035916	0.0639	0.10945	0.054069	0.009646	0.063955	0.07128	0.0968	0.065235	0.03102	0.058761	0.048367	0.012011	0.074351	0.09504	0.048033	0.029538	0.140153	0.03069	0.058457	0.054522	0.019902	0.041671	0.050992	0.090933	0.094844	0.048033	0.098736	0.059821	0.0264	0.05324	0.109482	0.014667	0.092107	0.0844	0.053785	0.077	0.058163	0.068933	0.069443	0.106354	0.077	0.113106	0.0099	0.087863	0.050069	0.090933	0.065277	0.066413	0.043168	0.046296	0.072864	0.09944	0.07169	0.078886	0.09372	0.057703	0.085556	0.073989	0.1155	0.0682	0.051027	0.023968	0.026247	0.069641	0.081192	0.066	0.019175	0.067182	0.031407	0.057043	0.073333	0.086028	0.04464	0.0792	0.058481	0.013718	0.04074	0.014667	0.012571	0.071867	0.05313	0.132367	0.0776	0.059821	0.0924	0.097731	0.0539	0.080178	0.098517	0.103569	0.07813	0.0792	0.188222	0.026788	0.124865	0.110338	0.0132	0.0444	0.066	0.090616	0.106425	0.02904	0.016449	0.056049	0.093039	0.04884	0.058389	0.02802	0.073166	0.01804	0.09064	0.10758	0.07425	0.0824	0.1188	0.034566	0.070331	0.021235	0.104657	0.073994	0.081529	0.0495	0.084662	0.060824	0.0792	0.048039	0.117722	0.054142	0.063684	0.0132	0.071215	0.0726	0.089571	0.09347	0.103714	
D00180	0.031015	0.092053	0.721851	0.115789	0.094021	0.42566	0.121	0.116393	0.043892	0.018758	0.99	0.01383	0.059492	0.101579	0.024663	0.069088	0.06167	0.033794	0.020543	0.055177	0.018747	0.024766	0.04156	0.023587	0.075065	0.105689	0.046468	0.092936	0.059579	0.15695	0.042815	0.041417	0.068166	0.029309	0.045954	0.085441	0.036805	0.04405	0.073569	0.440813	0.052388	0.046562	0.115034	0.07248	0.052388	0.066367	0.122061	0.047881	0.025474	0.089158	0.016283	0.033739	0.024097	0.019105	0.128398	0.106606	0.026572	0.042918	0.051706	0.068316	0.038393	0.057184	0.031158	0.051684	0.0616	0.106638	0.033289	0.07261	0.030283	0.050561	0.038976	0.021228	0.066679	0.065728	0.077783	0.017117	0.041598	0.068904	0.034614	0.046562	0.031188	0.047924	0.080474	0.037693	0.065201	0.05888	0.085763	0.049816	0.049605	0.030274	0.071366	0.268543	0.061809	0.049789	0.048439	0.0636	0.099289	0.053226	0.05487	0.104784	0.076917	0.015747	0.070278	0.09956	0.027415	0.093355	0.090426	0.070648	0.138324	0.058235	0.095328	0.086842	0.039669	0.042617	0.065421	0.047548	0.089474	0.065325	0.021285	0.093489	0.041813	0.030175	0.027478	0.029816	0.067755	0.040912	0.036751	0.02597	0.083519	0.039732	0.404806	0.01972	0.077459	0.060253	0.027996	0.050839	0.085434	0.042037	0.037747	0.049661	0.061289	0.052105	0.010228	0.10694	0.054571	0.038241	0.053408	0.02364	0.134195	0.121427	0.136389	0.063285	0.069911	0.058797	0.126942	0.056512	0.102713	0.075056	0.066901	0.064483	0.103368	0.08983	0.037302	0.06743	0.062851	0.126511	0.107243	0.059825	0.092197	0.028787	0.069298	0.068365	0.027018	0.047429	0.11164	0.067544	0.090655	0.04112	0.074324	0.030068	0.02809	0.135712	0.063528	0.043495	0.285362	0.116767	0.058934	0.060398	0.058136	0.105737	0.424057	0.067514	0.040526	0.053842	0.034111	0.085763	0.070301	0.038596	0.029719	0.040816	0.063064	0.040877	0.052276	0.111717	0.089104	0.135172	0.066786	0.035389	0.076852	0.03136	0.064083	0.08934	0.018302	0.107153	0.062503	0.051909	0.121173	0.174787	0.030019	0.055	0.05183	0.076828	0.064015	
D00225	0.058929	0.054694	0.013139	0.017748	0.076633	0.012128	0.046017	0.047934	0.113837	0.122467	0.01383	0.99	0.051997	0.014333	0.12705	0.062944	0.098043	0.126628	0.133952	0.097466	0.068968	0.109236	0.033065	0.119846	0.043483	0.05344	0.049693	0.033289	0.057833	0.025491	0.088256	0.052532	0.060914	0.10026	0.090234	0.064167	0.087083	0.063104	0.068638	0.01383	0.031077	0.092252	0.055996	0.049712	0.031077	0.046877	0.025099	0.060203	0.102143	0.050875	0.090234	0.099569	0.158806	0.09625	0.058056	0.027184	0.150662	0.062572	0.076494	0.073944	0.096813	0.082018	0.109833	0.086333	0.019433	0.02543	0.076935	0.042396	0.031731	0.033306	0.083482	0.107861	0.065115	0.055539	0.045078	0.062971	0.083519	0.018934	0.065142	0.076064	0.098468	0.085046	0.054738	0.05656	0.101925	0.08016	0.076285	0.029632	0.063958	0.090712	0.048301	0.010107	0.052934	0.060107	0.066306	0.059915	0.038347	0.08664	0.047133	0.012305	0.05949	0.075533	0.056273	0.031557	0.122132	0.030479	0.069405	0.046896	0.021013	0.04781	0.043196	0.069938	0.044475	0.039213	0.059217	0.048954	0.035833	0.071347	0.104338	0.023426	0.078833	0.070833	0.13408	0.091972	0.055859	0.103889	0.11837	0.102143	0.059923	0.092206	0.010373	0.110859	0.053736	0.079784	0.07597	0.05901	0.042613	0.052476	0.2178	0.040944	0.074282	0.037976	0.09625	0.061155	0.079275	0.067785	0.076542	0.139537	0.038582	0.025811	0.025795	0.062428	0.102563	0.052381	0.020649	0.056095	0.03967	0.044688	0.068823	0.074282	0.039167	0.069489	0.059525	0.012402	0.041481	0.023426	0.023571	0.078833	0.047208	0.125787	0.057222	0.040177	0.100128	0.072276	0.052556	0.060772	0.084736	0.100128	0.058221	0.168253	0.08216	0.028848	0.091914	0.082265	0.011425	0.033571	0.040662	0.043108	0.090712	0.035	0.014808	0.058808	0.092554	0.051792	0.065571	0.027458	0.053952	0.029944	0.131083	0.096021	0.076935	0.107222	0.090049	0.026568	0.05987	0.017138	0.04125	0.074754	0.085016	0.083646	0.074282	0.069559	0.163226	0.030956	0.06398	0.095862	0.037792	0.013095	0.067222	0.069956	0.069405	0.074077	0.061024	
D00227	0.075591	0.077759	0.056138	0.036196	0.103324	0.050769	0.047452	0.070647	0.066291	0.088076	0.059492	0.051997	0.99	0.039103	0.05701	0.070931	0.075945	0.067482	0.075801	0.074546	0.057438	0.065273	0.069495	0.071015	0.053784	0.071302	0.046266	0.055998	0.066414	0.042478	0.072642	0.443793	0.084611	0.066498	0.115571	0.058915	0.069901	0.058133	0.096169	0.046016	0.06897	0.080139	0.061473	0.059741	0.063003	0.068646	0.040099	0.100568	0.081931	0.054905	0.065787	0.058466	0.051822	0.070931	0.051839	0.07475	0.048727	0.073347	0.084168	0.09881	0.178276	0.055699	0.066724	0.052138	0.053483	0.075801	0.131065	0.049429	0.028448	0.052345	0.076607	0.078328	0.082402	0.061917	0.061582	0.059618	0.064272	0.036003	0.065976	0.060649	0.063504	0.092457	0.074778	0.071787	0.062451	0.050481	0.052653	0.065233	0.084052	0.075981	0.082609	0.046538	0.074126	0.06535	0.052534	0.057804	0.051776	0.078003	0.049806	0.032908	0.043892	0.060538	0.052787	0.05214	0.069113	0.048789	0.044569	0.052939	0.047706	0.066491	0.068666	0.094828	0.077969	0.080445	0.067366	0.055323	0.06569	0.035845	0.055725	0.043199	0.057782	0.06431	0.0428	0.186147	0.044539	0.057023	0.061844	0.054296	0.062481	0.060913	0.051581	0.072721	0.058466	0.077969	0.066873	0.067031	0.054821	0.041312	0.05701	0.074851	0.053463	0.270665	0.070172	0.047631	0.087768	0.05525	0.086056	0.041724	0.058765	0.070372	0.042408	0.062979	0.091034	0.055714	0.063724	0.0687	0.053561	0.055474	0.062496	0.081029	0.07169	0.090484	0.049406	0.026998	0.060744	0.071015	0.063399	0.047793	0.07169	0.078549	0.071207	0.084255	0.054562	0.069479	0.057371	0.07818	0.074798	0.067255	0.078886	0.061852	0.063008	0.078651	0.075965	0.079072	0.048238	0.055345	0.059668	0.298938	0.0825	0.057828	0.056109	0.056196	0.068459	0.066284	0.047875	0.043138	0.060148	0.064103	0.070931	0.077664	0.055779	0.057586	0.098565	0.044264	0.06232	0.056154	0.225961	0.068757	0.077647	0.048362	0.081029	0.060467	0.048454	0.042719	0.10102	0.082645	0.050009	0.029261	0.085766	0.055549	0.068276	0.099031	0.049744	
D00232	0.032143	0.0412	0.0965	0.058468	0.04656	0.112708	0.14052	0.10275	0.054	0.01584	0.101579	0.014333	0.039103	0.99	0.03516	0.0576	0.044348	0.037116	0.02671	0.047388	0.019429	0.034333	0.043071	0.026	0.072923	0.11566	0.033632	0.076421	0.042218	0.111863	0.055953	0.031846	0.051484	0.048188	0.04425	0.069	0.045	0.04913	0.069951	0.114632	0.049902	0.066511	0.110739	0.072231	0.049902	0.048683	0.103643	0.067622	0.040286	0.07695	0.03975	0.049862	0.030162	0.0402	0.1068	0.095379	0.032769	0.044478	0.066414	0.0708	0.032211	0.054737	0.025964	0.053782	0.06552	0.096387	0.039857	0.0935	0.033692	0.063	0.038679	0.0276	0.06	0.073412	0.054071	0.022174	0.043111	0.063049	0.037277	0.039064	0.025645	0.046833	0.060086	0.053234	0.074429	0.044681	0.080746	0.052605	0.062318	0.039375	0.075115	0.099231	0.054169	0.049543	0.0314	0.051478	0.1046	0.061548	0.058522	0.121405	0.05351	0.01296	0.0695	0.082721	0.032824	0.070275	0.086143	0.052261	0.125631	0.055294	0.148192	0.048444	0.045556	0.069333	0.0588	0.060894	0.070364	0.1307	0.044118	0.064889	0.037467	0.027727	0.028209	0.0417	0.068063	0.027867	0.050348	0.036686	0.057889	0.033176	0.096395	0.03	0.060414	0.053556	0.04274	0.057188	0.122351	0.060261	0.042	0.046533	0.06631	0.059571	0.017	0.093343	0.037778	0.038211	0.0342	0.0365	0.120537	0.089921	0.099	0.061448	0.072566	0.050649	0.085958	0.048806	0.136655	0.046821	0.048476	0.059586	0.069927	0.065419	0.050203	0.053882	0.045799	0.096444	0.074286	0.0516	0.07365	0.034333	0.078545	0.070851	0.029077	0.055154	0.1089	0.060667	0.061756	0.061846	0.070054	0.041226	0.034222	0.094765	0.054973	0.042	0.119826	0.104883	0.067077	0.06373	0.05025	0.087436	0.119077	0.048	0.037355	0.0513	0.034324	0.062018	0.071314	0.0458	0.0308	0.03765	0.058821	0.045636	0.048529	0.093	0.050063	0.094696	0.036214	0.029493	0.055647	0.0185	0.066414	0.088588	0.028452	0.070131	0.038449	0.045864	0.069684	0.094286	0.047556	0.043105	0.052143	0.06373	0.066343	
D00234	0.0693	0.05126	0.02343	0.037353	0.078144	0.02772	0.06204	0.053625	0.15134	0.111408	0.024663	0.12705	0.05701	0.03516	0.99	0.10494	0.084078	0.137679	0.141581	0.118127	0.053114	0.12925	0.035829	0.104867	0.078862	0.065438	0.051932	0.045505	0.07344	0.038515	0.118033	0.061431	0.073877	0.15015	0.073838	0.055461	0.086036	0.081878	0.064551	0.025705	0.049741	0.12554	0.0726	0.05445	0.043302	0.061278	0.035986	0.078486	0.132943	0.05907	0.104981	0.102186	0.162146	0.1155	0.052947	0.058945	0.163308	0.081209	0.088531	0.05522	0.081632	0.108495	0.10032	0.08556	0.027456	0.052161	0.0627	0.053075	0.029954	0.06006	0.143904	0.1331	0.0924	0.089488	0.068407	0.048496	0.066489	0.041223	0.092821	0.087906	0.093465	0.095333	0.083066	0.073583	0.089571	0.073162	0.080095	0.046814	0.06375	0.105325	0.060669	0.023354	0.071485	0.073449	0.07755	0.066287	0.0517	0.082181	0.094616	0.024557	0.068694	0.078144	0.085617	0.04382	0.129088	0.046695	0.060814	0.073557	0.027009	0.056553	0.062655	0.071378	0.078222	0.062333	0.0825	0.100123	0.0314	0.08426	0.136076	0.0374	0.110587	0.0882	0.089248	0.09537	0.102919	0.1034	0.12167	0.1782	0.093622	0.156071	0.023968	0.134063	0.050297	0.088	0.091405	0.081881	0.062611	0.057583	0.09306	0.063947	0.093424	0.047929	0.11198	0.074863	0.099	0.090489	0.086625	0.145567	0.06009	0.032218	0.048119	0.088076	0.079823	0.094714	0.028971	0.070236	0.053141	0.049146	0.074695	0.093993	0.05244	0.076645	0.088641	0.030412	0.057406	0.0396	0.034257	0.0814	0.08019	0.151067	0.0994	0.073583	0.093415	0.168935	0.06655	0.107556	0.076946	0.103062	0.07367	0.133916	0.121733	0.032418	0.193184	0.139446	0.03013	0.052286	0.060923	0.070103	0.077413	0.0453	0.024572	0.083668	0.119865	0.06534	0.097157	0.02811	0.080143	0.03256	0.11286	0.133815	0.096761	0.1204	0.105794	0.029308	0.078994	0.033717	0.058929	0.081617	0.085671	0.06655	0.102869	0.084247	0.1584	0.047282	0.062767	0.068573	0.062411	0.045886	0.076348	0.088579	0.0913	0.094362	0.077126	
D00235	0.1155	0.096067	0.065633	0.080511	0.15884	0.060585	0.07766	0.089375	0.124326	0.09636	0.069088	0.062944	0.070931	0.0576	0.10494	0.99	0.197522	0.137884	0.097935	0.113143	0.065476	0.092278	0.080929	0.128333	0.06741	0.08917	0.102184	0.117526	0.0936	0.073986	0.110512	0.055423	0.160742	0.122375	0.134063	0.086226	0.146929	0.09071	0.126098	0.079316	0.111073	0.091979	0.228848	0.101115	0.090415	0.06922	0.049631	0.13973	0.108114	0.117975	0.0605	0.290172	0.082054	0.064533	0.059889	0.120621	0.077846	0.115022	0.413069	0.0814	0.068123	0.105175	0.0728	0.088	0.10208	0.064581	0.095071	0.092125	0.057538	0.075533	0.081125	0.1034	0.198759	0.504059	0.100165	0.059783	0.121407	0.055721	0.085191	0.125681	0.092968	0.138111	0.1133	0.069277	0.123619	0.104149	0.082034	0.105907	0.1175	0.080896	0.129038	0.061205	0.129366	0.090986	0.064717	0.133116	0.0737	0.163581	0.063537	0.037559	0.071388	0.09372	0.087083	0.056443	0.089294	0.0847	0.083286	0.089754	0.047554	0.132863	0.068411	0.146667	0.094926	0.05775	0.10868	0.093851	0.103	0.066917	0.089294	0.068852	0.116111	0.082333	0.075687	0.0528	0.061531	0.095333	0.111435	0.065686	0.105111	0.112373	0.062816	0.097969	0.119103	0.246481	0.077301	0.103469	0.06377	0.074449	0.0869	0.072356	0.073966	0.071762	0.071133	0.1045	0.087389	0.076711	0.113025	0.069667	0.072239	0.082355	0.077895	0.102793	0.108755	0.095714	0.069589	0.159418	0.073966	0.090554	0.091492	0.223793	0.1042	0.206516	0.060152	0.046588	0.061252	0.112037	0.08381	0.096556	0.145475	0.105111	0.509667	0.123809	0.080385	0.126923	0.07865	0.148296	0.140585	0.144692	0.404919	0.091903	0.171926	0.084765	0.138243	0.069103	0.065522	0.062857	0.067128	0.122189	0.1155	0.0626	0.065323	0.096292	0.078065	0.0935	0.074721	0.04865	0.439371	0.075167	0.1155	0.139975	0.076607	0.095	0.146235	0.049966	0.107938	0.058587	0.0715	0.088155	0.103745	0.083417	0.182448	0.084118	0.071323	0.059328	0.077224	0.074763	0.066	0.090619	0.058259	0.092053	0.093762	0.11327	0.074171	
D00241	0.214193	0.111435	0.058587	0.047928	0.185948	0.04812	0.111626	0.122853	0.18185	0.078626	0.06167	0.098043	0.075945	0.044348	0.084078	0.197522	0.99	0.0991	0.14209	0.132644	0.102484	0.135109	0.060466	0.139227	0.060212	0.064718	0.078913	0.195584	0.100696	0.075867	0.129798	0.049666	0.224474	0.095503	0.16769	0.083541	0.19882	0.089206	0.074539	0.053364	0.074889	0.106846	0.113847	0.078637	0.056691	0.050042	0.030404	0.12215	0.125441	0.129489	0.061875	0.163268	0.124477	0.066	0.059304	0.093508	0.118094	0.104178	0.163268	0.098043	0.082059	0.103455	0.121043	0.104609	0.052226	0.048135	0.086599	0.118967	0.064013	0.060261	0.123494	0.111435	0.26024	0.174284	0.083386	0.093573	0.174831	0.045631	0.097993	0.112646	0.094881	0.161812	0.092851	0.089445	0.096335	0.171869	0.142506	0.071405	0.102717	0.086685	0.124164	0.051137	0.096999	0.09941	0.078674	0.093989	0.098283	0.191613	0.04465	0.026627	0.076717	0.0792	0.116775	0.044808	0.142634	0.080707	0.072764	0.108752	0.033773	0.136445	0.059357	0.172174	0.096184	0.058188	0.084078	0.119667	0.068261	0.077957	0.086931	0.085556	0.089913	0.068478	0.073666	0.050935	0.083845	0.09342	0.117902	0.073379	0.105749	0.125473	0.052483	0.10447	0.151394	0.214686	0.074294	0.102677	0.063208	0.065501	0.103591	0.05229	0.099198	0.079938	0.097087	0.120112	0.058986	0.07778	0.093978	0.077717	0.056749	0.063621	0.064398	0.097714	0.112888	0.106957	0.056938	0.10279	0.101672	0.097873	0.102257	0.19988	0.132783	0.181431	0.05721	0.041074	0.046759	0.083961	0.093602	0.131043	0.130565	0.176558	0.179565	0.102572	0.062542	0.099607	0.073891	0.111063	0.165525	0.130234	0.155887	0.124965	0.091932	0.063721	0.114783	0.068428	0.050945	0.056273	0.059599	0.093843	0.111793	0.049696	0.045251	0.117873	0.102518	0.121957	0.04718	0.037109	0.169304	0.056435	0.14013	0.1815	0.102741	0.113913	0.17133	0.049366	0.111868	0.07673	0.066615	0.097404	0.126317	0.141087	0.193943	0.10156	0.074516	0.039986	0.080231	0.109189	0.042792	0.091553	0.060403	0.097792	0.107609	0.119824	0.091006	
D00255	0.108538	0.056791	0.032105	0.022533	0.079507	0.033295	0.071833	0.074826	0.099589	0.104065	0.033794	0.126628	0.067482	0.037116	0.137679	0.137884	0.0991	0.99	0.096549	0.088178	0.074917	0.121298	0.069618	0.133023	0.071628	0.061722	0.0412	0.04645	0.087488	0.062447	0.096733	0.050179	0.078725	0.126868	0.133583	0.073526	0.118953	0.098322	0.080301	0.032583	0.042116	0.104829	0.144312	0.057853	0.034067	0.07169	0.033895	0.109101	0.112485	0.076169	0.086337	0.22494	0.114494	0.094395	0.048093	0.035461	0.110984	0.10227	0.301155	0.092349	0.122387	0.155373	0.120558	0.089442	0.021181	0.033173	0.049061	0.06811	0.011807	0.045791	0.163081	0.130209	0.093416	0.128434	0.055617	0.068402	0.071059	0.022897	0.11381	0.100094	0.091722	0.090601	0.067535	0.112667	0.09392	0.085072	0.083768	0.039443	0.091221	0.174113	0.104343	0.028041	0.077393	0.096259	0.101942	0.079302	0.065105	0.071793	0.066493	0.02088	0.07972	0.063237	0.076105	0.044159	0.096833	0.04998	0.070714	0.0664	0.032233	0.052668	0.073801	0.071059	0.077881	0.065019	0.163926	0.120995	0.036512	0.081988	0.117373	0.032972	0.097891	0.132791	0.097247	0.097977	0.088855	0.164574	0.106941	0.105468	0.087119	0.113611	0.028779	0.131424	0.07648	0.092377	0.085155	0.086337	0.072803	0.071294	0.106367	0.087488	0.098047	0.057558	0.108721	0.081239	0.099767	0.114308	0.075785	0.117035	0.060594	0.046248	0.063716	0.114719	0.099912	0.069468	0.033687	0.08167	0.061528	0.068659	0.067608	0.088388	0.054	0.077734	0.085293	0.023174	0.063438	0.048605	0.035449	0.101814	0.069837	0.118953	0.125349	0.061069	0.092093	0.106704	0.064465	0.103463	0.087413	0.108623	0.106612	0.115116	0.14155	0.047062	0.149962	0.092487	0.031365	0.052724	0.049195	0.074255	0.074666	0.042	0.036129	0.083238	0.119449	0.086337	0.383514	0.045	0.124764	0.063953	0.152721	0.116076	0.101549	0.118372	0.097962	0.039348	0.066552	0.02686	0.069618	0.091769	0.076744	0.063314	0.084154	0.096457	0.126009	0.060137	0.059203	0.083378	0.07257	0.040199	0.093514	0.139957	0.100864	0.115739	0.094944	
D00270	0.068433	0.057129	0.019516	0.03103	0.080477	0.021454	0.053439	0.056331	0.17874	0.153716	0.020543	0.133952	0.075801	0.02671	0.141581	0.097935	0.14209	0.096549	0.99	0.126221	0.076037	0.189543	0.04106	0.212509	0.068784	0.05685	0.048744	0.045382	0.065419	0.036602	0.155964	0.063052	0.096493	0.277107	0.0988	0.073143	0.10227	0.067419	0.1293	0.024465	0.062573	0.086294	0.080996	0.05773	0.056082	0.06439	0.022684	0.103862	0.199521	0.07904	0.273448	0.165184	0.188736	0.291677	0.053226	0.053593	0.179057	0.08817	0.129577	0.075581	0.100662	0.097861	0.084581	0.09871	0.053226	0.053913	0.058548	0.06498	0.047494	0.056774	0.125651	0.140161	0.103148	0.095806	0.06312	0.069425	0.081219	0.031237	0.058209	0.097165	0.094261	0.111774	0.076645	0.05685	0.118364	0.123439	0.119262	0.059662	0.102097	0.119536	0.088641	0.017878	0.075116	0.063871	0.090306	0.076213	0.055887	0.114693	0.056642	0.016303	0.092548	0.077071	0.084274	0.035862	0.435199	0.036327	0.061336	0.074362	0.021454	0.050512	0.074808	0.073333	0.046129	0.041694	0.067703	0.074516	0.043226	0.090484	0.340958	0.038638	0.075935	0.064194	0.070067	0.181323	0.107117	0.114022	0.102055	0.284682	0.114731	0.123985	0.018349	0.146371	0.07158	0.095412	0.098723	0.057883	0.064734	0.066185	0.067703	0.056065	0.104616	0.059562	0.141226	0.079839	0.079247	0.060509	0.100597	0.130108	0.061805	0.029274	0.033792	0.066991	0.114285	0.08212	0.028462	0.072768	0.057814	0.065392	0.086175	0.101313	0.059806	0.083101	0.109686	0.025047	0.061037	0.037061	0.037512	0.117806	0.057484	0.262876	0.088065	0.042807	0.105633	0.116483	0.072919	0.063477	0.098143	0.098536	0.07653	0.151093	0.103297	0.028022	0.104725	0.29861	0.023759	0.058894	0.088437	0.086024	0.125081	0.039774	0.021454	0.101047	0.495	0.099532	0.06272	0.030435	0.093069	0.037258	0.154	0.134129	0.108353	0.138387	0.118349	0.034101	0.083332	0.024299	0.081359	0.432254	0.088918	0.080282	0.103148	0.097476	0.166889	0.032459	0.08212	0.069825	0.038472	0.033963	0.108686	0.063031	0.083641	0.115371	0.059917	
