data	D00035	D00110	D00136	D00195	D00219	D00225	D00227	D00228	D00234	D00252	D00274	D00283	D00293	D00294	D00303	D00319	D00326	D00329	D00331	D00332	D00335	D00336	D00338	D00340	D00345	D00349	D00351	D00354	D00358	D00364	D00367	D00373	D00379	D00380	D00392	D00394	D00418	D00437	D00438	D00451	D00456	D00464	D00474	D00477	D00480	D00495	D00499	D00504	D00512	D00513	D00519	D00521	D00524	D00528	D00530	D00533	D00536	D00537	D00538	D00539	D00542	D00543	D00544	D00545	D00546	D00547	D00548	D00549	D00550	D00552	D00553	D00560	D00563	D00574	D00593	D00594	D00607	D00611	D00615	D00616	D00617	D00618	D00619	D00629	D00631	D00633	D00636	D00638	D00639	D00640	D00642	D00647	D00648	D00649	D00650	D00651	D00654	D00656	D00658	D00677	D00678	D00694	D00697	D00704	D00708	D00709	D00711	D00726	D00732	D00733	D00735	D00738	D00739	D00740	D00741	D00759	D00760	D00761	D00765	D00771	D00775	D00779	D00791	D00798	D00799	D00809	D00812	D00816	D00823	D00831	D00960	D00963	D00964	D01071	D01108	D01111	D01118	D01242	D01243	D01253	D01256	D01275	D01287	D01295	D01350	D01448	D01450	D01453	D01575	D01599	D01603	D01712	D01768	D01799	D01828	D01854	D01969	D02041	D02086	D02087	D02088	D02092	D02098	D02101	D02163	D02173	D02204	D02207	D02234	D02237	D02253	D02261	D02262	D02272	D02347	D02356	D02360	D02362	D02409	D02461	D02485	D02546	D02566	D02630	D02914	D03037	D03180	D03274	D03365	D03450	D03580	D03742	D03826	D03830	D03878	D03991	D04034	D04048	D04370	D04790	D04985	D04999	D05024	D05077	D05156	D05453	D05458	D05461	D06106	D06172	
D00035	1.0	0.230159	0.041667	0.115385	0.049206	0.0	0.014815	0.0	0.037736	0.0625	0.035088	0.0	0.0	0.018018	0.0	0.046667	0.0	0.020408	0.014493	0.0	0.039744	0.039744	0.0	0.012195	0.034014	0.044025	0.107692	0.0	0.055556	0.081633	0.0	0.076923	0.0625	0.065789	0.066667	0.0	0.025641	0.042424	0.036458	0.014184	0.0	0.0	0.057143	0.052632	0.0	0.1	0.038095	0.049383	0.054054	0.0	0.011628	0.057692	0.0	0.020202	0.0	0.040404	0.055556	0.078788	0.020202	0.071429	0.0	0.0	0.0	0.0	0.0	0.0	0.078947	0.0	0.0	0.107143	0.096774	0.051724	0.027027	0.051282	0.03388	0.105263	0.020408	0.03125	0.032804	0.135802	0.033333	0.039548	0.0	0.039548	0.021739	0.0	0.035714	0.086207	0.0	0.076923	0.088889	0.015152	0.051075	0.047619	0.008772	0.009259	0.010417	0.013889	0.010204	0.166667	0.0	0.035088	0.051852	0.0	0.090909	0.028571	0.0	0.04878	0.078947	0.045455	0.105263	0.081081	0.051282	0.081081	0.076923	0.064893	0.028807	0.047619	0.107456	0.0	0.0	0.04878	0.029762	0.073171	0.036364	0.0	0.0625	0.0	0.0	0.111111	0.0	0.166667	0.0	0.034188	0.026316	0.183673	0.0	0.015385	0.090909	0.047619	0.009434	0.064815	0.175	0.0	0.019524	0.057971	0.128205	0.019048	0.038462	0.056818	0.018182	0.018868	0.046512	0.0625	0.02	0.085057	0.0	0.14966	0.052632	0.068027	0.057143	0.033898	0.047619	0.056859	0.069652	0.069182	0.0	0.065217	0.013072	0.058333	0.026144	0.128931	0.081905	0.096517	0.029762	0.0	0.142857	0.150794	0.029412	0.08658	0.016667	0.154472	0.028571	0.0	0.025253	0.063492	0.039216	0.083333	0.066667	0.083333	0.070728	0.128788	0.051075	0.099034	0.055556	0.111111	0.087719	0.166667	0.173913	0.199346	0.03252	0.193548	0.101449	0.070922	0.074074	0.0	0.0	0.008772	0.04878	0.060606	
D00110	0.230159	1.0	0.09596	0.231841	0.125683	0.084656	0.014493	0.066667	0.068493	0.076923	0.093333	0.068783	0.109195	0.050847	0.077778	0.090476	0.087432	0.094527	0.082051	0.0	0.063063	0.054054	0.09596	0.073224	0.121212	0.101852	0.120482	0.044444	0.051724	0.091787	0.071038	0.065574	0.072043	0.111494	0.024691	0.045977	0.032258	0.103604	0.075397	0.074627	0.114754	0.090395	0.160256	0.111111	0.045977	0.037037	0.033898	0.12766	0.109091	0.055556	0.07619	0.064815	0.016667	0.054545	0.077295	0.153333	0.179487	0.138739	0.09434	0.025641	0.0	0.0	0.020408	0.0	0.0	0.019231	0.29932	0.071895	0.066667	0.173913	0.102564	0.105263	0.076023	0.109195	0.056225	0.144144	0.009132	0.0	0.113924	0.185185	0.076404	0.098291	0.029536	0.080169	0.11828	0.06	0.109589	0.040161	0.030303	0.066667	0.148918	0.0625	0.066667	0.052083	0.126852	0.137198	0.065686	0.028169	0.069565	0.289617	0.104478	0.088889	0.109375	0.0	0.163399	0.090909	0.134615	0.087432	0.142857	0.095238	0.071038	0.05	0.031746	0.145455	0.071038	0.143236	0.050654	0.093972	0.14687	0.039216	0.033898	0.080645	0.042735	0.063492	0.04329	0.045977	0.049383	0.048485	0.084656	0.117117	0.028169	0.285354	0.032787	0.031746	0.010753	0.333333	0.044444	0.039216	0.098765	0.092896	0.065753	0.153571	0.142077	0.129944	0.04189	0.069597	0.046875	0.052632	0.05787	0.067677	0.044444	0.008658	0.051282	0.072043	0.093137	0.169551	0.033333	0.385057	0.05	0.112745	0.052632	0.090909	0.052083	0.123577	0.059925	0.152174	0.0	0.139683	0.031925	0.010101	0.026667	0.181481	0.109921	0.137302	0.094595	0.030303	0.272727	0.20339	0.114706	0.227907	0.045267	0.129032	0.066667	0.029536	0.089412	0.042636	0.034483	0.095775	0.136054	0.05	0.13012	0.231638	0.125641	0.187302	0.156863	0.088542	0.102222	0.137566	0.299435	0.3	0.030769	0.153846	0.106061	0.116162	0.125926	0.105263	0.083333	0.04781	0.020513	0.054545	
D00136	0.041667	0.09596	1.0	0.017094	0.155556	0.14881	0.010256	0.10303	0.184127	0.08	0.368421	0.179012	0.2	0.14966	0.127778	0.097436	0.113095	0.232143	0.088889	0.056738	0.069608	0.165079	0.172414	0.074405	0.166667	0.037037	0.234234	0.09434	0.115385	0.185792	0.196078	0.10119	0.089286	0.153595	0.04	0.054545	0.022989	0.036036	0.04065	0.092896	0.067797	0.160256	0.142857	0.215278	0.035714	0.06	0.104575	0.059259	0.128205	0.022989	0.064972	0.120202	0.0	0.052288	0.111111	0.148936	0.117647	0.025316	0.039216	0.086957	0.0	0.0	0.0	0.0	0.0	0.0	0.117284	0.056738	0.107345	0.174603	0.066667	0.229744	0.08805	0.262411	0.109009	0.108108	0.075132	0.03268	0.072574	0.13242	0.069767	0.034188	0.137255	0.04329	0.105556	0.066667	0.154229	0.078947	0.0	0.068966	0.031373	0.191358	0.148359	0.103448	0.088095	0.085784	0.066138	0.067708	0.087302	0.085714	0.061538	0.151961	0.157895	0.020833	0.122449	0.018182	0.166667	0.24	0.210884	0.146199	0.12037	0.046784	0.104938	0.215278	0.173077	0.075585	0.041751	0.035739	0.06	0.106061	0.070513	0.121212	0.109524	0.097701	0.111111	0.054545	0.038462	0.037736	0.109195	0.04386	0.035354	0.033755	0.078788	0.034483	0.017241	0.089202	0.090909	0.04878	0.064103	0.24183	0.08209	0.06	0.041667	0.141667	0.004762	0.107143	0.040984	0.050314	0.043571	0.091667	0.041096	0.013699	0.114943	0.098214	0.098958	0.051029	0.125604	0.084507	0.111111	0.107692	0.036364	0.355932	0.125	0.021505	0.117886	0.031532	0.008929	0.046769	0.039216	0.020036	0.059701	0.034188	0.055556	0.054348	0.137255	0.141414	0.111111	0.05641	0.073232	0.144444	0.179104	0.014925	0.113333	0.521333	0.027451	0.256039	0.084967	0.190476	0.026667	0.086758	0.031915	0.078125	0.050813	0.109848	0.079812	0.129944	0.223377	0.045455	0.088235	0.050672	0.056497	0.12	0.166667	0.111111	0.017316	0.246377	0.028986	0.062653	0.105263	0.037736	
D00195	0.115385	0.231841	0.017094	1.0	0.027397	0.032407	0.0	0.088542	0.07265	0.067797	0.039216	0.062802	0.049751	0.030303	0.031111	0.024691	0.043478	0.057778	0.022222	0.0	0.024096	0.05	0.044444	0.014085	0.029915	0.036145	0.076087	0.029851	0.030303	0.029167	0.04902	0.075758	0.028169	0.028986	0.016393	0.046875	0.014493	0.035294	0.021053	0.054054	0.042254	0.034314	0.046875	0.029412	0.030769	0.0	0.0	0.053571	0.030303	0.066667	0.013699	0.045833	0.0	0.0	0.021097	0.04918	0.046154	0.128333	0.04918	0.0	0.0	0.0	0.0	0.0	0.0	0.0	0.104167	0.033898	0.046296	0.033898	0.066667	0.046512	0.098361	0.028986	0.021739	0.090361	0.0	0.0	0.021505	0.135833	0.023333	0.033708	0.048193	0.022222	0.027027	0.035088	0.043651	0.05303	0.062147	0.070707	0.308518	0.042254	0.014184	0.0	0.043651	0.03252	0.025974	0.025974	0.012658	0.124	0.038961	0.027132	0.012987	0.0	0.081967	0.05914	0.048387	0.013889	0.028986	0.061033	0.085859	0.044776	0.087179	0.029412	0.028571	0.102865	0.028788	0.160573	0.16654	0.035088	0.030769	0.089552	0.060976	0.073529	0.065844	0.046875	0.067797	0.04918	0.042254	0.083333	0.012821	0.240741	0.019608	0.014286	0.0	0.128889	0.029851	0.021505	0.064516	0.032864	0.02439	0.191954	0.120098	0.035211	0.061898	0.054422	0.057143	0.0	0.022634	0.026667	0.024096	0.0	0.051643	0.028169	0.051948	0.084258	0.051587	0.169369	0.029412	0.064935	0.030769	0.050388	0.052381	0.505556	0.052083	0.395082	0.0	0.123123	0.042105	0.018779	0.0	0.355224	0.231103	0.246293	0.015504	0.036585	0.136364	0.200529	0.0375	0.108581	0.030303	0.091304	0.048387	0.011494	0.03125	0.043478	0.0	0.042276	0.112121	0.034091	0.489247	0.299444	0.096124	0.144803	0.112554	0.117647	0.038314	0.116667	0.127397	0.156962	0.0	0.063492	0.095745	0.066667	0.122368	0.061538	0.054545	0.011628	0.0	0.031746	
D00219	0.049206	0.125683	0.155556	0.027397	1.0	0.065476	0.011111	0.044025	0.05641	0.094574	0.154497	0.02924	0.106667	0.189394	0.074713	0.091398	0.146667	0.090395	0.173077	0.046512	0.581818	0.559091	0.091954	0.177579	0.197531	0.070707	0.068354	0.058824	0.055782	0.08306	0.062893	0.12	0.628299	0.337979	0.023704	0.026144	0.078431	0.068627	0.088889	0.139394	0.113208	0.070513	0.2	0.175362	0.026144	0.062121	0.166667	0.185185	0.114894	0.037736	0.22619	0.120219	0.0	0.057971	0.112994	0.216667	0.157037	0.018919	0.15873	0.142105	0.0	0.0	0.0	0.0	0.0	0.0	0.117007	0.095238	0.045977	0.185965	0.084848	0.148718	0.046667	0.265116	0.455556	0.123529	0.074576	0.043478	0.164251	0.107246	0.074074	0.064815	0.053922	0.095238	0.10303	0.1	0.098462	0.118627	0.0	0.045283	0.063291	0.09434	0.091885	0.089308	0.164363	0.219716	0.154978	0.079096	0.158163	0.146237	0.101695	0.069608	0.087719	0.0	0.204878	0.055556	0.162791	0.118954	0.147222	0.108176	0.241481	0.096599	0.070513	0.150355	0.185816	0.08846	0.033333	0.023297	0.038889	0.023256	0.061224	0.130719	0.079602	0.115385	0.080808	0.026144	0.028369	0.027778	0.141026	0.066667	0.04918	0.051852	0.097222	0.145833	0.026923	0.070647	0.025157	0.022222	0.081159	0.083019	0.161421	0.06268	0.065497	0.047619	0.01895	0.08642	0.085535	0.055556	0.051215	0.601504	0.040796	0.005882	0.087654	0.62449	0.121839	0.085586	0.062802	0.091919	0.053595	0.075269	0.035374	0.149744	0.138562	0.015152	0.081013	0.028571	0.015686	0.033951	0.022917	0.094118	0.086022	0.069444	0.069919	0.068254	0.239766	0.055556	0.056497	0.111111	0.096019	0.108507	0.080952	0.016129	0.111111	0.051471	0.058951	0.063111	0.151515	0.080208	0.068182	0.087815	0.042912	0.077778	0.08816	0.088095	0.050746	0.2375	0.086765	0.057627	0.151111	0.048858	0.102564	0.15303	0.043411	0.077778	0.042254	0.125	0.04878	0.038866	0.121333	0.036879	
D00225	0.0	0.084656	0.14881	0.032407	0.065476	1.0	0.0	0.136054	0.077604	0.074074	0.121212	0.204082	0.177305	0.120567	0.150617	0.086022	0.102564	0.14881	0.068966	0.0	0.039801	0.10582	0.151515	0.030303	0.126437	0.044776	0.084388	0.15942	0.046667	0.091398	0.224638	0.089744	0.048485	0.050314	0.0	0.068027	0.031447	0.048309	0.029536	0.056497	0.100629	0.473684	0.092199	0.051282	0.068027	0.0	0.0	0.083333	0.185185	0.065359	0.02924	0.119672	0.0	0.0	0.05914	0.096296	0.090278	0.0	0.098485	0.0	0.0	0.0	0.0	0.0	0.0	0.0	0.078431	0.079365	0.605263	0.062016	0.074074	0.070952	0.113475	0.050314	0.035088	0.098592	0.0	0.0	0.057018	0.059361	0.037302	0.045662	0.05314	0.031532	0.12963	0.039683	0.084577	0.02193	0.051852	0.062893	0.041667	0.046784	0.029915	0.035088	0.084577	0.10582	0.026882	0.079096	0.043011	0.080808	0.090395	0.321429	0.08046	0.0	0.094203	0.0	0.096296	0.108974	0.050314	0.10303	0.049383	0.044872	0.030864	0.051282	0.049383	0.041525	0.023958	0.045421	0.0	0.203704	0.033333	0.102564	0.048309	0.08642	0.04902	0.068027	0.074074	0.072464	0.098765	0.072464	0.043716	0.0	0.086667	0.0	0.0	0.063725	0.065359	0.057018	0.070922	0.190476	0.024876	0.05364	0.039548	0.165333	0.0	0.039216	0.041667	0.0	0.07619	0.045198	0.049751	0.0	0.040936	0.048485	0.048387	0.042735	0.072464	0.063725	0.044872	0.091398	0.047619	0.117647	0.02924	0.030651	0.040161	0.04902	0.0	0.020346	0.033862	0.0	0.0	0.045662	0.03876	0.037879	0.05314	0.054726	0.185897	0.055556	0.068783	0.056738	0.098039	0.0	0.170543	0.147619	0.041667	0.088889	0.0	0.11746	0.037037	0.03653	0.029963	0.054645	0.042735	0.049242	0.080808	0.076023	0.194255	0.038251	0.083333	0.0	0.0	0.115942	0.083333	0.094444	0.023148	0.111111	0.08547	0.022653	0.0	0.049645	
D00227	0.014815	0.014493	0.010256	0.0	0.011111	0.0	1.0	0.0	0.009524	0.013605	0.009009	0.0	0.0	0.018868	0.0	0.014706	0.0	0.0	0.016129	0.0	0.009524	0.009524	0.0	0.02619	0.015152	0.014085	0.015504	0.0	0.039216	0.009804	0.0	0.011696	0.013793	0.026667	0.014184	0.0	0.0	0.013699	0.012195	0.05	0.022989	0.0	0.012821	0.012121	0.0	0.013889	0.019231	0.022727	0.012346	0.024691	0.025287	0.019324	0.0	0.15873	0.010101	0.02	0.012579	0.008772	0.020408	0.014815	0.0	0.0	0.0	0.0	0.0	0.0	0.037037	0.037037	0.010929	0.014493	0.013605	0.046296	0.0	0.011905	0.008439	0.017316	0.010256	0.0	0.00823	0.008547	0.011364	0.012987	0.013699	0.012987	0.0	0.0	0.009132	0.008547	0.028369	0.011696	0.028455	0.016667	0.0225	0.022989	0.02037	0.021256	0.02328	0.015625	0.022917	0.038647	0.020833	0.009009	0.026882	0.0	0.013072	0.0	0.0	0.011494	0.011905	0.039548	0.011696	0.037736	0.0	0.012121	0.011696	0.009409	0.024055	0.014035	0.006601	0.015152	0.012821	0.0	0.0	0.011299	0.0	0.0	0.0	0.0	0.0	0.008889	0.010417	0.008658	0.0	0.017857	0.012346	0.009132	0.0	0.255556	0.013072	0.011299	0.021569	0.019565	0.033333	0.0	0.014667	0.022727	0.035088	0.198413	0.009662	0.012903	0.02381	0.409091	0.011111	0.013793	0.077778	0.00813	0.013514	0.058824	0.037736	0.014706	0.04	0.008772	0.011299	0.011111	0.007663	0.0	0.0	0.0059	0.0	0.023392	0.045455	0.017544	0.042146	0.041199	0.013699	0.014085	0.0	0.0	0.118889	0.008	0.008772	0.0	0.0	0.0	0.021687	0.00813	0.019608	0.013889	0.0	0.008772	0.018315	0.010256	0.048101	0.018116	0.023474	0.010753	0.008658	0.032258	0.039801	0.008547	0.017241	0.012821	0.022472	0.015152	0.013514	0.0	0.0	0.033803	0.011494	0.041667	
D00228	0.0	0.066667	0.10303	0.088542	0.044025	0.136054	0.0	1.0	0.106215	0.089431	0.071795	0.163121	0.123188	0.028369	0.103145	0.032787	0.141844	0.10303	0.048485	0.025	0.020833	0.047619	0.104938	0.03268	0.10119	0.042328	0.097778	0.042553	0.028369	0.066667	0.19697	0.152174	0.045752	0.069444	0.0	0.081481	0.034014	0.046154	0.026667	0.074074	0.08	0.20155	0.093023	0.070922	0.081481	0.0	0.0	0.083333	0.155039	0.086957	0.031447	0.11954	0.0	0.0	0.057471	0.113821	0.090909	0.0	0.073171	0.0	0.0	0.0	0.0	0.0	0.0	0.0	0.078014	0.078947	0.111111	0.059829	0.1	0.09641	0.216667	0.047619	0.032407	0.151042	0.022599	0.0	0.064815	0.083333	0.043333	0.043478	0.078125	0.028571	0.130719	0.035088	0.084656	0.047619	0.056911	0.144928	0.082192	0.056604	0.036036	0.0	0.067708	0.088889	0.028736	0.011299	0.028249	0.063492	0.071429	0.142077	0.02924	0.0	0.095238	0.044444	0.097561	0.073333	0.047619	0.104575	0.068027	0.048611	0.115942	0.048611	0.026144	0.048246	0.019355	0.070196	0.021053	0.035088	0.028986	0.177778	0.089947	0.145833	0.091398	0.081481	0.116667	0.113821	0.136054	0.060606	0.028736	0.0	0.040816	0.0	0.0	0.0625	0.078014	0.050228	0.095238	0.093333	0.043011	0.065041	0.042424	0.168085	0.0	0.07173	0.044872	0.0	0.068889	0.042424	0.058201	0.0	0.064103	0.066667	0.064327	0.04955	0.071795	0.0625	0.027211	0.207547	0.028986	0.069652	0.065359	0.068354	0.073593	0.075269	0.0	0.030839	0.065497	0.012579	0.0	0.090909	0.07173	0.069959	0.061538	0.080645	0.106918	0.141026	0.067797	0.051282	0.053922	0.0	0.166667	0.077083	0.039474	0.054054	0.0	0.058201	0.058333	0.080808	0.066667	0.090909	0.079812	0.068273	0.091398	0.08805	0.066809	0.040936	0.065574	0.0	0.0	0.119048	0.044177	0.215686	0.034826	0.186992	0.085714	0.06129	0.0	0.030303	
D00234	0.037736	0.068493	0.184127	0.07265	0.05641	0.077604	0.009524	0.106215	1.0	0.07284	0.13653	0.114208	0.082222	0.039548	0.108718	0.031532	0.121111	0.087255	0.075253	0.0	0.058559	0.116432	0.072549	0.017949	0.090821	0.048246	0.073333	0.056497	0.044444	0.165657	0.098889	0.104444	0.092896	0.054645	0.017857	0.08655	0.040323	0.037975	0.026515	0.090909	0.133333	0.082778	0.051724	0.038251	0.067816	0.0	0.033333	0.081633	0.085057	0.091954	0.007353	0.223958	0.0	0.0	0.051174	0.052381	0.068966	0.0	0.054545	0.0	0.0	0.0	0.0	0.0	0.0	0.0	0.048387	0.086667	0.060101	0.044872	0.074074	0.292929	0.153086	0.054645	0.095833	0.159556	0.009009	0.054545	0.033716	0.104641	0.055072	0.04878	0.175238	0.028112	0.133333	0.053333	0.041772	0.069959	0.067901	0.098889	0.103175	0.122581	0.049612	0.014706	0.078509	0.071622	0.016204	0.035211	0.015982	0.08	0.121212	0.063675	0.08209	0.018868	0.090909	0.033898	0.053571	0.017677	0.037634	0.133871	0.152047	0.096045	0.169697	0.038251	0.042328	0.10185	0.105442	0.093403	0.018349	0.091837	0.138365	0.175439	0.092444	0.101075	0.098198	0.067816	0.093082	0.071515	0.117204	0.065401	0.05	0.011628	0.071111	0.015385	0.0	0.108108	0.048087	0.058039	0.071429	0.095699	0.028509	0.04811	0.102564	0.125683	0.0	0.079853	0.107527	0.0	0.07032	0.087179	0.047368	0.012821	0.05303	0.075269	0.056338	0.049612	0.16385	0.037975	0.043011	0.119807	0.045198	0.132889	0.057292	0.050179	0.077903	0.047619	0.0	0.074189	0.133036	0.041667	0.017544	0.112554	0.080741	0.078986	0.058974	0.180392	0.078607	0.083582	0.040541	0.067974	0.042276	0.0	0.089697	0.156808	0.033333	0.08254	0.033898	0.080635	0.076923	0.060417	0.049123	0.121212	0.033333	0.087943	0.051082	0.182222	0.095299	0.099502	0.082192	0.01938	0.014925	0.089286	0.135985	0.123383	0.050633	0.08046	0.106383	0.045455	0.030303	0.046784	
D00252	0.0625	0.076923	0.08	0.067797	0.094574	0.074074	0.013605	0.089431	0.07284	1.0	0.08046	0.100775	0.166667	0.108108	0.073413	0.079739	0.077519	0.134752	0.070922	0.0	0.087821	0.128758	0.137681	0.026515	0.148936	0.089308	0.085714	0.043333	0.140741	0.1875	0.133333	0.087302	0.1375	0.123932	0.058824	0.272727	0.015504	0.090909	0.062564	0.078014	0.085271	0.081301	0.166667	0.111111	0.2	0.088235	0.081081	0.277778	0.194444	0.095726	0.025362	0.065455	0.0	0.018018	0.039744	0.533333	0.161905	0.015625	0.135417	0.096774	0.0	0.0	0.0	0.0	0.0	0.0	0.119658	0.054167	0.096296	0.107527	0.222222	0.065556	0.148148	0.108333	0.080328	0.124294	0.032051	0.0	0.096296	0.087432	0.099379	0.084746	0.033333	0.067778	0.108696	0.077778	0.089286	0.069892	0.060784	0.210526	0.043478	0.081481	0.05303	0.059259	0.1	0.084906	0.043333	0.026144	0.022436	0.125786	0.07483	0.093567	0.040816	0.0	0.171717	0.0	0.07619	0.085271	0.081301	0.139535	0.079365	0.133333	0.031008	0.083333	0.079365	0.064626	0.045783	0.0475	0.022727	0.043011	0.034188	0.087302	0.115152	0.083333	0.117284	0.235294	0.310345	0.258065	0.074074	0.045556	0.012821	0.03125	0.073171	0.081301	0.02381	0.123457	0.189189	0.129032	0.208333	0.183333	0.039394	0.058667	0.112593	0.071111	0.005618	0.111111	0.120635	0.017094	0.111538	0.125	0.104938	0.017544	0.074074	0.109756	0.058824	0.109677	0.027322	0.10303	0.133333	0.12	0.144762	0.077778	0.075758	0.058559	0.124378	0.071429	0.0	0.031341	0.181818	0.037037	0.037037	0.048387	0.063063	0.061404	0.081871	0.034483	0.092199	0.053333	0.081699	0.105485	0.060109	0.0	0.133333	0.02623	0.070707	0.059701	0.083333	0.169935	0.070707	0.043011	0.071111	0.06	0.074359	0.070175	0.144654	0.170543	0.163265	0.107801	0.130719	0.030769	0.069767	0.133333	0.086758	0.125	0.038889	0.068376	0.135802	0.021667	0.093023	0.153535	
D00274	0.035088	0.093333	0.368421	0.039216	0.154497	0.121212	0.009009	0.071795	0.13653	0.08046	1.0	0.123077	0.155556	0.118644	0.079812	0.094595	0.102564	0.169154	0.119403	0.035088	0.088596	0.172381	0.137255	0.069231	0.20202	0.037037	0.123596	0.10929	0.063492	0.114155	0.116402	0.087179	0.111979	0.147222	0.033898	0.041667	0.05641	0.036145	0.043956	0.060185	0.068627	0.129032	0.132184	0.265432	0.025641	0.050847	0.037037	0.069182	0.10929	0.05641	0.061275	0.07316	0.0	0.044444	0.09589	0.125	0.129944	0.011236	0.038889	0.053571	0.0	0.0	0.0	0.0	0.0	0.0	0.100529	0.065476	0.102941	0.236111	0.062147	0.166228	0.041667	0.238095	0.092063	0.121951	0.04955	0.0	0.065152	0.117886	0.052083	0.034483	0.131579	0.046512	0.07619	0.067901	0.12987	0.09127	0.033333	0.087179	0.061594	0.211111	0.106426	0.153439	0.086498	0.084416	0.0625	0.089202	0.06621	0.098291	0.063063	0.128205	0.177083	0.0	0.114943	0.015625	0.116959	0.398693	0.238095	0.190476	0.19774	0.045455	0.11828	0.242424	0.121693	0.097445	0.066987	0.057929	0.036036	0.08805	0.071038	0.053922	0.069959	0.084577	0.070833	0.058201	0.027322	0.026882	0.099502	0.031008	0.04955	0.034091	0.057292	0.050505	0.014925	0.069959	0.05641	0.040293	0.060109	0.166667	0.062771	0.065306	0.027027	0.073039	0.010324	0.073684	0.042857	0.043011	0.058009	0.105392	0.03252	0.012195	0.151042	0.111979	0.117371	0.026812	0.153509	0.083333	0.061538	0.051948	0.03125	0.956522	0.172043	0.027333	0.082437	0.066667	0.015385	0.070411	0.013502	0.033816	0.016667	0.066667	0.054983	0.053872	0.102564	0.135135	0.101449	0.1	0.073333	0.158076	0.141026	0.0	0.060109	0.224155	0.028369	0.158537	0.037634	0.153704	0.028249	0.05098	0.036964	0.063063	0.054307	0.099656	0.057613	0.146465	0.169361	0.026316	0.100877	0.022222	0.033816	0.076503	0.129032	0.053333	0.01938	0.10929	0.030303	0.056044	0.043478	0.032258	
D00283	0.0	0.068783	0.179012	0.062802	0.02924	0.204082	0.0	0.163121	0.114208	0.100775	0.123077	1.0	0.156028	0.222222	0.072515	0.105556	0.062893	0.194969	0.051724	0.0	0.024876	0.089947	0.133333	0.012121	0.128655	0.061538	0.16895	0.113475	0.133333	0.149425	0.22963	0.136054	0.049383	0.031447	0.045455	0.115942	0.066667	0.064677	0.04329	0.076023	0.061728	0.25	0.070922	0.095238	0.092199	0.021739	0.0	0.08547	0.090278	0.088435	0.011696	0.132778	0.0	0.0	0.077778	0.098485	0.069444	0.0	0.100775	0.0	0.0	0.0	0.0	0.0	0.0	0.0	0.065359	0.055556	0.2	0.03876	0.093023	0.10398	0.133333	0.031447	0.093897	0.132353	0.010582	0.044444	0.057778	0.10628	0.076667	0.061033	0.053922	0.046296	0.09697	0.04065	0.119792	0.022222	0.05303	0.064103	0.055556	0.066667	0.048889	0.035714	0.053922	0.05641	0.010753	0.113095	0.026882	0.065657	0.055556	0.177419	0.063218	0.0	0.096296	0.020408	0.074074	0.156463	0.093333	0.147436	0.070513	0.104167	0.093333	0.095238	0.084967	0.027171	0.024211	0.034432	0.020408	0.209524	0.034014	0.126667	0.169399	0.130719	0.172222	0.115942	0.100775	0.098485	0.060606	0.057971	0.027322	0.013333	0.032051	0.037736	0.0	0.097436	0.15942	0.072072	0.088889	0.170068	0.00995	0.034091	0.090909	0.225532	0.0	0.134199	0.096154	0.0	0.082796	0.045977	0.050505	0.0	0.121795	0.049383	0.037634	0.052632	0.073529	0.064677	0.12766	0.143678	0.06383	0.119403	0.108974	0.047619	0.137778	0.049751	0.0	0.011255	0.095906	0.024242	0.0	0.061033	0.047619	0.046512	0.038647	0.055556	0.123457	0.056497	0.05291	0.068841	0.151042	0.0	0.088889	0.129688	0.055556	0.199005	0.0	0.143169	0.087302	0.061905	0.046512	0.055556	0.04329	0.087302	0.060606	0.090909	0.12987	0.087719	0.067708	0.0	0.017857	0.070922	0.097561	0.14881	0.05314	0.268293	0.087719	0.030672	0.0	0.066667	
D00293	0.0	0.109195	0.2	0.049751	0.106667	0.177305	0.0	0.123188	0.082222	0.166667	0.155556	0.156028	1.0	0.208333	0.088889	0.125	0.125	0.742857	0.102564	0.025	0.037037	0.193939	0.764706	0.090278	0.215686	0.064516	0.103604	0.139535	0.057971	0.185185	0.292683	0.097222	0.045752	0.140741	0.04878	0.178862	0.013333	0.067708	0.054795	0.060606	0.181159	0.222222	0.213675	0.143939	0.150794	0.023256	0.021277	0.092593	0.096296	0.056738	0.071895	0.076667	0.0	0.046512	0.115152	0.259259	0.150794	0.0	0.081301	0.025	0.0	0.0	0.0	0.0	0.0	0.0	0.133333	0.108108	0.198582	0.180952	0.108333	0.168306	0.139535	0.193798	0.061905	0.094527	0.022599	0.0	0.10628	0.072464	0.074359	0.063725	0.072917	0.058824	0.081761	0.092593	0.144444	0.047619	0.065041	0.137681	0.057778	0.078431	0.07619	0.1	0.158192	0.112994	0.119497	0.065476	0.10303	0.103825	0.160256	0.155556	0.054545	0.0	0.252252	0.068182	0.259259	0.166667	0.140741	0.089744	0.046667	0.078014	0.069444	0.143939	0.046667	0.069697	0.019355	0.068235	0.0	0.166667	0.075758	0.088435	0.131148	0.093333	0.133333	0.124031	0.198198	0.133333	0.12	0.049751	0.028736	0.028169	0.055556	0.061224	0.0	0.051282	0.143939	0.10628	0.103175	0.375	0.077778	0.089451	0.067901	0.070588	0.0	0.103896	0.071895	0.044444	0.063333	0.042424	0.05291	0.0	0.030864	0.045752	0.089286	0.045045	0.071795	0.102151	0.055556	0.079096	0.059259	0.150538	0.044872	0.04065	0.106667	0.052083	0.0	0.050855	0.060819	0.012579	0.010582	0.063725	0.049383	0.048193	0.125683	0.075269	0.166667	0.071429	0.099415	0.103448	0.145161	0.0	0.103175	0.103763	0.057778	0.159204	0.021739	0.326531	0.058333	0.02381	0.039683	0.077381	0.045045	0.059524	0.068783	0.115385	0.275325	0.065476	0.107345	0.0	0.018868	0.100775	0.040161	0.081871	0.034826	0.096296	0.095238	0.040402	0.018868	0.062016	
D00294	0.018018	0.050847	0.14966	0.030303	0.189394	0.120567	0.018868	0.028369	0.039548	0.108108	0.118644	0.222222	0.208333	1.0	0.044025	0.12963	0.048611	0.170068	0.163121	0.0	0.151235	0.248299	0.173611	0.15814	0.143791	0.04918	0.130435	0.146341	0.062016	0.2	0.174603	0.049645	0.201587	0.251282	0.017094	0.030303	0.043478	0.047619	0.056338	0.142857	0.04	0.131783	0.089431	0.108527	0.054264	0.042735	0.03876	0.121212	0.069767	0.043478	0.126087	0.033333	0.0	0.02439	0.047619	0.114035	0.062016	0.024876	0.2	0.046296	0.0	0.0	0.0	0.0	0.0	0.0	0.057971	0.083333	0.118056	0.137255	0.126126	0.041026	0.030303	0.131783	0.147849	0.049751	0.048485	0.0	0.089552	0.044776	0.04329	0.044776	0.048387	0.060606	0.025157	0.088235	0.037037	0.070707	0.0	0.042553	0.040541	0.092199	0.060784	0.054422	0.128736	0.115476	0.136	0.163265	0.156	0.043011	0.035714	0.105556	0.037037	0.0	0.091667	0.023256	0.075	0.125926	0.106061	0.066667	0.07971	0.059259	0.088889	0.108527	0.103704	0.046046	0.016667	0.033333	0.007168	0.15625	0.097561	0.040816	0.053763	0.047619	0.054645	0.030303	0.033333	0.03252	0.046667	0.014925	0.017857	0.02451	0.044444	0.042553	0.037037	0.05914	0.051852	0.057971	0.119658	0.214286	0.123636	0.033735	0.051282	0.019608	0.01978	0.056277	0.054422	0.023256	0.019444	0.184058	0.05	0.010929	0.03268	0.201587	0.047619	0.047619	0.058201	0.042328	0.059259	0.09697	0.063492	0.114754	0.076389	0.016461	0.053333	0.031746	0.0	0.026144	0.013793	0.055556	0.028249	0.044776	0.060606	0.059072	0.065574	0.05	0.093333	0.04321	0.048276	0.071318	0.074074	0.0	0.031746	0.086111	0.037838	0.116162	0.039683	0.147879	0.052632	0.024876	0.05	0.035714	0.059048	0.036585	0.032258	0.102041	0.122222	0.049383	0.044444	0.009524	0.034014	0.063492	0.028807	0.100629	0.030769	0.044444	0.058824	0.020313	0.034014	0.066667	
D00303	0.0	0.077778	0.127778	0.031111	0.074713	0.150617	0.0	0.103145	0.108718	0.073413	0.079812	0.072515	0.088889	0.044025	1.0	0.058081	0.14717	0.093548	0.077778	0.021277	0.09596	0.057971	0.077419	0.065476	0.075	0.100505	0.05098	0.033951	0.04717	0.070707	0.107407	0.122013	0.05848	0.060606	0.034722	0.10381	0.011696	0.088889	0.072222	0.088889	0.091667	0.162667	0.082667	0.061728	0.126336	0.040816	0.065359	0.072868	0.202634	0.094771	0.045198	0.220525	0.078431	0.0	0.07672	0.094246	0.191304	0.021645	0.087943	0.021277	0.0	0.0	0.0	0.0	0.0	0.021739	0.07037	0.130952	0.088506	0.050725	0.104348	0.148039	0.138776	0.080247	0.09009	0.088584	0.00995	0.048611	0.080396	0.102283	0.096386	0.107042	0.102941	0.065315	0.18254	0.02963	0.078095	0.029915	0.052083	0.062925	0.040161	0.08046	0.059829	0.0	0.109804	0.09798	0.058201	0.025641	0.057292	0.069565	0.082796	0.119608	0.042328	0.021739	0.084354	0.058824	0.10922	0.045977	0.060606	0.094253	0.059524	0.026786	0.023392	0.061728	0.078788	0.056222	0.035374	0.047518	0.0	0.037037	0.025157	0.093333	0.098551	0.117576	0.1	0.088702	0.073413	0.071914	0.141818	0.071759	0.124294	0.0	0.08805	0.02924	0.0	0.090196	0.14381	0.080396	0.1	0.123636	0.053922	0.061798	0.02381	0.18141	0.007843	0.08	0.025	0.0	0.059559	0.054645	0.05034	0.0	0.044444	0.05848	0.086022	0.043504	0.096618	0.058216	0.045455	0.084103	0.048077	0.077626	0.039548	0.02963	0.081928	0.046948	0.012346	0.041184	0.061648	0.0	0.049751	0.04386	0.037453	0.03663	0.055556	0.106061	0.134483	0.063492	0.062626	0.082105	0.097222	0.015385	0.163561	0.145455	0.046341	0.0625	0.066667	0.065562	0.049645	0.077626	0.028986	0.052083	0.05	0.097318	0.080055	0.098305	0.119048	0.023077	0.071642	0.021097	0.052632	0.127778	0.050758	0.086772	0.041096	0.145578	0.111667	0.024658	0.05848	0.05	
D00319	0.046667	0.090476	0.097436	0.024691	0.091398	0.086022	0.014706	0.032787	0.031532	0.079739	0.094595	0.105556	0.125	0.12963	0.058081	1.0	0.048387	0.107692	0.039801	0.019231	0.093897	0.111111	0.109375	0.028571	0.117949	0.545098	0.085271	0.169811	0.04023	0.185185	0.142857	0.032258	0.091111	0.075706	0.102041	0.047953	0.016129	0.515723	0.491111	0.059701	0.041667	0.091954	0.072727	0.074713	0.047953	0.064103	0.084848	0.148148	0.072619	0.099415	0.04375	0.042009	0.034483	0.017857	0.078431	0.091026	0.132075	0.041667	0.089744	0.026144	0.0	0.0	0.020833	0.019608	0.0	0.019608	0.125	0.102041	0.084656	0.15942	0.136054	0.042194	0.052632	0.073446	0.135965	0.054167	0.009259	0.018182	0.475706	0.090909	0.410448	0.476023	0.034632	0.539394	0.036364	0.061224	0.048246	0.066667	0.018182	0.068927	0.033708	0.046875	0.053815	0.069892	0.054386	0.066667	0.025714	0.074627	0.04	0.082192	0.038095	0.12037	0.109375	0.0	0.137255	0.017241	0.048485	0.088889	0.130952	0.057292	0.109195	0.038889	0.066667	0.133333	0.128655	0.085437	0.109375	0.028333	0.031746	0.083333	0.052632	0.042328	0.052632	0.03125	0.053333	0.066667	0.051572	0.07044	0.046875	0.024691	0.028571	0.054167	0.033333	0.130952	0.010929	0.076577	0.058621	0.053012	0.130719	0.187879	0.052055	0.070213	0.034826	0.01978	0.007407	0.074906	0.036458	0.017241	0.021171	0.085417	0.032	0.008772	0.086022	0.091111	0.047619	0.036078	0.042735	0.066667	0.038889	0.114428	0.059524	0.092105	0.124294	0.013889	0.072797	0.025641	0.0	0.014124	0.033651	0.010256	0.061033	0.036585	0.028369	0.027778	0.048246	0.035556	0.100529	0.033816	0.058216	0.098969	0.050633	0.014286	0.030952	0.059211	0.46129	0.1	0.08642	0.128502	0.057692	0.064103	0.020619	0.028169	0.044706	0.087912	0.054955	0.084656	0.106757	0.033816	0.084507	0.028112	0.094444	0.156863	0.057971	0.117949	0.047009	0.045198	0.070922	0.016456	0.065574	0.061728	
D00326	0.0	0.087432	0.113095	0.043478	0.146667	0.102564	0.0	0.141844	0.121111	0.077519	0.102564	0.062893	0.125	0.048611	0.14717	0.048387	1.0	0.105263	0.046784	0.02381	0.122222	0.127778	0.192308	0.031447	0.103448	0.0625	0.041152	0.0625	0.034014	0.064516	0.122449	0.093333	0.129252	0.066667	0.0	0.070922	0.012821	0.049751	0.053333	0.05848	0.083333	0.111111	0.096296	0.068027	0.070922	0.0	0.020408	0.087719	0.115942	0.099291	0.069182	0.198788	0.0	0.0	0.091954	0.100775	0.094203	0.0	0.077519	0.0	0.117647	0.125	0.114286	0.157407	0.157143	0.152381	0.081633	0.102564	0.100629	0.083333	0.077519	0.201093	0.108696	0.088435	0.10628	0.07619	0.0	0.022222	0.058559	0.151515	0.0725	0.046948	0.087179	0.057143	0.092593	0.059829	0.070707	0.193548	0.062016	0.131944	0.070175	0.108974	0.063927	0.0	0.177778	0.127778	0.121212	0.045198	0.027322	0.066667	0.074713	0.080808	0.028249	0.05	0.098485	0.0	0.100775	0.030864	0.066667	0.106918	0.207407	0.03268	0.066667	0.068027	0.181159	0.050725	0.029787	0.060227	0.0	0.041667	0.233333	0.084967	0.290909	0.089744	0.296296	0.070922	0.130081	0.126984	0.933333	0.172222	0.081871	0.0	0.159091	0.0	0.0	0.09375	0.068027	0.044444	0.074074	0.163265	0.025641	0.06746	0.028736	0.103268	0.0	0.225352	0.030303	0.0	0.06129	0.119497	0.051282	0.0	0.08805	0.129252	0.125	0.04386	0.085859	0.065657	0.03268	0.076503	0.034722	0.099502	0.126667	0.036508	0.231884	0.045455	0.0	0.046712	0.046667	0.0	0.010256	0.077295	0.056911	0.055556	0.121693	0.089947	0.109091	0.163522	0.071038	0.101124	0.233333	0.016667	0.178862	0.208621	0.042735	0.062222	0.020833	0.0625	0.031008	0.047619	0.035659	0.074713	0.053333	0.1375	0.066667	0.25	0.068277	0.027778	0.068783	0.080952	0.0	0.096296	0.039216	0.079096	0.019048	0.092199	0.09009	0.026471	0.018182	0.036232	
D00329	0.020408	0.094527	0.232143	0.057778	0.090395	0.14881	0.0	0.10303	0.087255	0.134752	0.169154	0.194969	0.742857	0.170068	0.093548	0.107692	0.105263	1.0	0.087432	0.020408	0.032407	0.166667	0.604651	0.076023	0.183333	0.056338	0.133333	0.115385	0.176871	0.15873	0.24	0.121212	0.038889	0.117284	0.04	0.170068	0.011299	0.059361	0.04878	0.086022	0.151515	0.183007	0.173611	0.289855	0.124183	0.019231	0.055556	0.074074	0.080247	0.047619	0.061111	0.082353	0.017857	0.038462	0.134409	0.207407	0.124183	0.0	0.066667	0.041667	0.0	0.0	0.0	0.0	0.0	0.0	0.111111	0.086957	0.187879	0.143939	0.088435	0.163285	0.137255	0.160256	0.082251	0.083333	0.019608	0.0	0.094017	0.106667	0.091765	0.056277	0.109524	0.051948	0.087432	0.074074	0.232804	0.055556	0.053333	0.115152	0.064257	0.103448	0.127854	0.084746	0.137255	0.098039	0.102151	0.05641	0.088542	0.090476	0.136612	0.135266	0.063492	0.0	0.22963	0.056604	0.207407	0.305556	0.256944	0.193939	0.076023	0.065476	0.077381	0.262411	0.076023	0.070621	0.024422	0.061702	0.009524	0.131783	0.062893	0.093567	0.176768	0.116959	0.184615	0.146667	0.185185	0.108844	0.101695	0.057778	0.024876	0.025	0.046784	0.051724	0.0	0.045045	0.236111	0.094017	0.084967	0.306122	0.067633	0.080303	0.075269	0.115789	0.0	0.146341	0.079096	0.037037	0.055072	0.036458	0.046296	0.0	0.134503	0.038889	0.076923	0.040161	0.107981	0.089202	0.169935	0.10101	0.049383	0.164251	0.151515	0.044444	0.145833	0.075117	0.017857	0.056199	0.052525	0.021858	0.028571	0.070175	0.052434	0.051282	0.109524	0.112745	0.141243	0.061538	0.085859	0.166667	0.212121	0.0	0.084967	0.138725	0.051587	0.203704	0.056604	0.345455	0.047619	0.034188	0.043478	0.083333	0.04878	0.088889	0.060185	0.116667	0.297424	0.072917	0.093137	0.0	0.016129	0.104575	0.071161	0.104167	0.030702	0.143791	0.075758	0.035421	0.016129	0.051282	
D00331	0.014493	0.082051	0.088889	0.022222	0.173077	0.068966	0.016129	0.048485	0.075253	0.070922	0.119403	0.051724	0.102564	0.163121	0.077778	0.039801	0.046784	0.087432	1.0	0.093023	0.109375	0.132275	0.088889	0.328788	0.141243	0.038095	0.056225	0.030864	0.012346	0.066667	0.066667	0.047619	0.14359	0.26963	0.013889	0.051282	0.030303	0.051643	0.045833	0.197531	0.09697	0.074074	0.104167	0.12	0.031447	0.013605	0.018868	0.087302	0.064103	0.049383	0.227211	0.038725	0.0	0.055556	0.091398	0.115942	0.125	0.04955	0.178295	0.014493	0.0	0.0	0.0	0.0	0.0	0.0	0.089744	0.108527	0.067797	0.146341	0.048611	0.068981	0.071895	0.117647	0.100457	0.138095	0.058201	0.0	0.138889	0.030303	0.054902	0.048889	0.082126	0.048889	0.061111	0.113821	0.093137	0.072072	0.0	0.080247	0.070833	0.138365	0.123944	0.05848	0.267797	0.232184	0.258974	0.088889	0.271795	0.073529	0.087432	0.065728	0.090395	0.022222	0.106383	0.0	0.115942	0.134615	0.14	0.119048	0.041667	0.011905	0.067901	0.12	0.041667	0.091369	0.052281	0.044444	0.006536	0.037879	0.052288	0.046784	0.022831	0.045977	0.023148	0.051282	0.055556	0.054422	0.045198	0.036036	0.076503	0.008547	0.049383	0.017544	0.050314	0.093137	0.030303	0.029167	0.046667	0.05848	0.275152	0.050936	0.010582	0.038983	0.023232	0.054902	0.011111	0.053333	0.062626	0.133333	0.074627	0.009524	0.039548	0.122013	0.129944	0.0375	0.101449	0.072464	0.011905	0.055556	0.012579	0.115942	0.04023	0.034091	0.064257	0.023148	0.0	0.053131	0.026263	0.065476	0.014493	0.035088	0.070588	0.068966	0.077295	0.084577	0.043011	0.026042	0.080208	0.111355	0.083333	0.04918	0.053333	0.036574	0.081857	0.041667	0.019231	0.075622	0.035461	0.07277	0.060606	0.041667	0.079654	0.060606	0.111111	0.038251	0.061177	0.010256	0.075758	0.062222	0.016949	0.066667	0.05303	0.057292	0.050476	0.050314	0.063492	0.121077	0.011299	0.013072	
D00332	0.0	0.0	0.056738	0.0	0.046512	0.0	0.0	0.025	0.0	0.0	0.035088	0.0	0.025	0.0	0.021277	0.019231	0.02381	0.020408	0.093023	1.0	0.037736	0.037736	0.020833	0.05	0.02	0.018182	0.0	0.0	0.0	0.0	0.0	0.041667	0.043902	0.016667	0.0	0.0	0.052632	0.029762	0.025641	0.021277	0.0	0.0	0.088235	0.0	0.0	0.1	0.078431	0.035714	0.026316	0.052632	0.023256	0.051282	0.0	0.0	0.02	0.0	0.027027	0.070175	0.030303	0.111111	0.0	0.0	0.0	0.0	0.0	0.0	0.0	0.0	0.0	0.0	0.0	0.0	0.0	0.108108	0.015873	0.099415	0.098485	0.020833	0.015385	0.0	0.023474	0.027778	0.029762	0.027778	0.037037	0.0	0.011696	0.099415	0.0	0.105263	0.045455	0.031008	0.073446	0.0	0.035714	0.018519	0.042553	0.035461	0.06383	0.0	0.0	0.017241	0.0	0.074074	0.0	0.080808	0.129032	0.0	0.0	0.014815	0.1	0.052632	0.016667	0.0	0.01626	0.037736	0.032922	0.0	0.044715	0.0	0.0	0.04878	0.0	0.039683	0.0	0.027027	0.0	0.0	0.022727	0.011299	0.0	0.050847	0.0	0.070175	0.026316	0.054545	0.0	0.0	0.0	0.047619	0.058824	0.012987	0.021739	0.0	0.005882	0.028169	0.042857	0.0	0.008386	0.037037	0.018182	0.0	0.015152	0.04065	0.0625	0.025641	0.02924	0.0	0.0	0.039216	0.0	0.033898	0.0	0.018265	0.043478	0.0	0.051429	0.0	0.0	0.051667	0.046667	0.0	0.013514	0.013158	0.0	0.030864	0.0	0.0	0.0	0.075949	0.070175	0.119048	0.04902	0.047619	0.061538	0.036458	0.058824	0.017857	0.0	0.145191	0.013158	0.034722	0.015152	0.084507	0.055556	0.037037	0.016393	0.013889	0.0	0.136364	0.04878	0.047619	0.027027	0.040816	0.046914	0.114286	0.0	0.04717	0.066667	0.0	
D00335	0.039744	0.063063	0.069608	0.024096	0.581818	0.039801	0.009524	0.020833	0.058559	0.087821	0.088596	0.024876	0.037037	0.151235	0.09596	0.093897	0.122222	0.032407	0.109375	0.037736	1.0	0.573333	0.032864	0.096019	0.126263	0.09009	0.039194	0.066667	0.026111	0.095169	0.036458	0.081967	0.506602	0.197972	0.019394	0.050847	0.065574	0.073593	0.09127	0.112821	0.072917	0.042328	0.092121	0.085876	0.021858	0.047531	0.149686	0.155556	0.075862	0.048387	0.128806	0.103286	0.0	0.02924	0.065728	0.083333	0.070115	0.016667	0.128205	0.082993	0.0	0.0	0.0	0.0	0.0	0.0	0.084444	0.056604	0.024155	0.079739	0.086164	0.099567	0.033333	0.123977	0.477778	0.077917	0.07451	0.035714	0.115226	0.107692	0.086142	0.069959	0.033755	0.097046	0.082051	0.118056	0.057143	0.143111	0.0	0.066667	0.044444	0.096774	0.053855	0.042051	0.110682	0.147688	0.086134	0.067633	0.084886	0.080889	0.066667	0.047257	0.05314	0.0	0.093827	0.045977	0.071429	0.047917	0.066667	0.085714	0.242767	0.077401	0.05914	0.067778	0.195152	0.0717	0.040064	0.021036	0.025545	0.018868	0.050847	0.091398	0.083333	0.079365	0.084444	0.050847	0.054545	0.053571	0.11828	0.058333	0.072464	0.036948	0.133333	0.114943	0.022581	0.093243	0.021164	0.019697	0.08303	0.104918	0.090608	0.058321	0.053234	0.040404	0.017196	0.088889	0.069312	0.028249	0.044294	0.492705	0.049123	0.005128	0.091005	0.477566	0.077143	0.076984	0.041667	0.038819	0.025269	0.047945	0.044253	0.086325	0.134444	0.013605	0.084091	0.025	0.013115	0.038177	0.03379	0.091111	0.078873	0.048193	0.05448	0.053333	0.131455	0.034632	0.033333	0.094527	0.06197	0.092496	0.057613	0.0	0.071429	0.049145	0.064286	0.055686	0.137107	0.040693	0.055556	0.076557	0.038488	0.051643	0.068908	0.090323	0.039827	0.23631	0.039918	0.04686	0.083105	0.030556	0.097814	0.104242	0.042807	0.049296	0.037037	0.084746	0.053333	0.016755	0.114124	0.045833	
