data	D00049	D00059	D00079	D00094	D00095	D00106	D00110	D00113	D00136	D00139	D00180	D00225	D00227	D00232	D00234	D00235	D00241	D00255	D00270	D00274	D00281	D00283	D00295	D00300	D00301	D00306	D00318	D00332	D00336	D00356	D00364	D00371	D00380	D00394	D00397	D00400	D00410	D00411	D00415	D00419	D00422	D00426	D00432	D00437	D00440	D00442	D00443	D00451	D00454	D00465	D00480	D00483	D00493	D00494	D00498	D00499	D00503	D00509	D00513	D00514	D00520	D00521	D00522	D00523	D00524	D00525	D00528	D00540	D00542	D00559	D00560	D00563	D00574	D00598	D00601	D00604	D00606	D00607	D00609	D00613	D00627	D00632	D00635	D00645	D00646	D00665	D00666	D00673	D00674	D00675	D00676	D00682	D00683	D00684	D00687	D00688	D00715	D00726	D00760	D00765	D00769	D00775	D00779	D00780	D00790	D00837	D00838	D00845	D00954	D00965	D00987	D00996	D01020	D01022	D01024	D01051	D01071	D01103	D01118	D01126	D01164	D01227	D01236	D01242	D01269	D01295	D01297	D01324	D01332	D01346	D01352	D01358	D01386	D01390	D01441	D01454	D01462	D01603	D01652	D01692	D01699	D01712	D01713	D01717	D01745	D01782	D01828	D01871	D01891	D01925	D01964	D01965	D01973	D01994	D02007	D02066	D02070	D02076	D02082	D02147	D02149	D02150	D02234	D02237	D02250	D02278	D02279	D02327	D02338	D02340	D02342	D02349	D02354	D02356	D02357	D02358	D02359	D02361	D02374	D02566	D02578	D02588	D02614	D02671	D02721	D02725	D02826	D02884	D02910	D03165	D03187	D03210	D03274	D03365	D03415	D03442	D03490	D03503	D03621	D03642	D03654	D03858	D03879	D03880	D03881	D03966	D04006	D04034	D04040	D04375	D04625	D04716	D04979	D05113	D05129	D05246	D05312	D05341	D05740	D05792	D05938	D06056	D06396	
D00049	1.0	0.192857	0.058333	0.037994	0.345714	0.03956	0.241429	0.251488	0.280731	0.231429	0.061404	0.160714	0.208128	0.063636	0.172857	0.288095	0.447205	0.280731	0.186636	0.246356	0.166667	0.198413	0.163265	0.320106	0.103175	0.097264	0.120301	0.135338	0.219481	0.165362	0.280731	0.175824	0.331797	0.180804	0.321429	0.165899	0.431122	0.174948	0.174216	0.061404	0.111498	0.218845	0.187888	0.232143	0.111498	0.098142	0.041667	0.326255	0.165306	0.301786	0.142857	0.29803	0.123552	0.152381	0.077778	0.12069	0.148352	0.223602	0.35468	0.238095	0.180451	0.180451	0.219481	0.187013	0.071429	0.112903	0.163265	0.251488	0.049451	0.116667	0.183673	0.288095	0.35468	0.254202	0.142017	0.152174	0.380952	0.074941	0.218845	0.218845	0.165899	0.240079	0.172449	0.218845	0.170068	0.256839	0.2046	0.106312	0.274351	0.291667	0.269231	0.044872	0.144869	0.172449	0.20119	0.149068	0.20119	0.331797	0.076759	0.031532	0.246356	0.14	0.285714	0.084309	0.170168	0.150893	0.108844	0.174948	0.03956	0.201681	0.1409	0.320106	0.214286	0.126984	0.172857	0.256839	0.138528	0.20119	0.170168	0.066138	0.15873	0.1829	0.153518	0.171429	0.188616	0.192063	0.262422	0.165306	0.190476	0.236695	0.046053	0.223214	0.29803	0.320106	0.165362	0.142857	0.138996	0.149068	0.205714	0.15873	0.17734	0.205782	0.192857	0.146939	0.107143	0.270677	0.216071	0.160714	0.153518	0.135338	0.140365	0.208128	0.163073	0.156772	0.108271	0.153518	0.208128	0.25	0.19161	0.29803	0.219481	0.278802	0.109403	0.068627	0.086845	0.066138	0.054422	0.268254	0.257143	0.198413	0.261905	0.183891	0.117216	0.137363	0.171429	0.214286	0.250871	0.263736	0.233591	0.230415	0.214286	0.151261	0.233591	0.089744	0.037267	0.133581	0.117216	0.19305	0.214286	0.093506	0.053846	0.215385	0.1947	0.289286	0.108752	0.05487	0.246939	0.152381	0.238095	0.301786	0.183673	0.261905	0.254202	0.073245	0.188616	0.055901	0.163265	0.17002	0.201681	0.360119	0.29803	0.236695	0.147465	0.074941	0.176385	0.174334	0.101504	0.054422	0.14903	0.270677	0.244898	0.233591	0.165306	
D00059	0.192857	1.0	0.245	0.159574	0.588	0.205128	0.216	0.200694	0.174419	0.192	0.257895	0.156481	0.229885	0.102424	0.130667	0.25	0.284058	0.151938	0.154839	0.245578	0.192063	0.156481	0.171429	0.177778	0.150712	0.18156	0.197368	0.212281	0.242424	0.131963	0.131008	0.251282	0.18172	0.104167	0.266667	0.215054	0.171429	0.233816	0.182927	0.189474	0.325203	0.159574	0.20942	0.23141	0.293496	0.14336	0.128571	0.152252	0.160952	0.12	0.176042	0.165517	0.176577	0.187778	0.326667	0.258621	0.167521	0.20942	0.165517	0.321111	0.149708	0.211111	0.175152	0.118788	0.225333	0.275269	0.233333	0.15625	0.164103	0.187778	0.133929	0.187778	0.194253	0.220588	0.225882	0.175362	0.177778	0.107104	0.229787	0.204965	0.194086	0.37037	0.171905	0.18156	0.384127	0.139007	0.225989	0.310078	0.12803	0.136111	0.125641	0.188462	0.248357	0.230476	0.18	0.233816	0.18	0.241935	0.131592	0.108408	0.17415	0.225333	0.133333	0.157377	0.141176	0.18375	0.31746	0.123671	0.148205	0.288235	0.147945	0.544444	0.4	0.3	0.450667	0.18156	0.170707	0.142222	0.118627	0.4	0.18963	0.163636	0.097512	0.142222	0.117188	0.166667	0.163043	0.095238	0.120988	0.261438	0.212281	0.176042	0.332184	0.35679	0.131963	0.234375	0.13018	0.139614	0.130667	0.24	0.229885	0.229365	0.16	0.21	0.138889	0.17193	0.440833	0.133333	0.219403	0.232018	0.17093	0.331034	0.277358	0.156277	0.185614	0.263184	0.166092	0.238095	0.256085	0.332184	0.293333	0.474194	0.094937	0.065359	0.126859	0.241975	0.311111	0.125185	0.333333	0.181481	0.227273	0.256028	0.123077	0.207692	0.200556	0.277778	0.468293	0.144444	0.291892	0.130108	0.208642	0.259314	0.325225	0.218803	0.193237	0.209524	0.247009	0.230631	0.225	0.174545	0.205128	0.166154	0.215054	0.281667	0.108408	0.127424	0.214286	0.16	0.187778	0.240833	0.238095	0.145455	0.392157	0.162712	0.325521	0.319565	0.233333	0.187793	0.288235	0.2	0.372414	0.188889	0.154839	0.177049	0.3	0.203955	0.189474	0.101587	0.11893	0.197368	0.178571	0.202703	0.24381	
D00079	0.058333	0.245	1.0	0.363121	0.216	0.720256	0.3	0.3125	0.112016	0.042667	0.95	0.0375	0.165517	0.272727	0.065333	0.18	0.142029	0.087209	0.053763	0.15	0.050794	0.078241	0.133929	0.061728	0.205698	0.278014	0.142105	0.224561	0.160303	0.422146	0.112016	0.108333	0.174194	0.075	0.117188	0.226075	0.085714	0.116908	0.196748	0.790643	0.179268	0.128014	0.30471	0.200321	0.179268	0.185501	0.333532	0.13018	0.080476	0.24	0.042188	0.082759	0.064865	0.045	0.311481	0.278161	0.072222	0.130797	0.12931	0.142222	0.116959	0.154678	0.077576	0.133636	0.170667	0.237097	0.085714	0.2	0.082051	0.125	0.10744	0.055556	0.166092	0.176961	0.213529	0.046377	0.104321	0.184699	0.09078	0.128014	0.077688	0.133796	0.214286	0.102482	0.15873	0.156383	0.221469	0.17093	0.136742	0.078125	0.184615	0.718803	0.171127	0.137143	0.1225	0.176087	0.266944	0.137634	0.152363	0.277628	0.179932	0.042667	0.185185	0.276639	0.082843	0.255208	0.228571	0.189372	0.370256	0.15817	0.23379	0.2	0.104321	0.133796	0.176333	0.128014	0.267172	0.173611	0.059314	0.246914	0.107037	0.081818	0.071891	0.09	0.176042	0.107037	0.092754	0.068571	0.225	0.105882	0.763377	0.052083	0.186207	0.158025	0.073973	0.133333	0.230631	0.127778	0.096333	0.133704	0.152011	0.143254	0.027222	0.291667	0.149383	0.098684	0.135	0.056019	0.359204	0.333553	0.410078	0.165517	0.181132	0.157792	0.324386	0.155473	0.276149	0.216964	0.178836	0.166092	0.272727	0.215054	0.10211	0.172876	0.173141	0.272222	0.229365	0.148148	0.24	0.078241	0.182323	0.187589	0.072222	0.128205	0.3025	0.178395	0.215041	0.096154	0.198649	0.077419	0.074691	0.372794	0.145946	0.109402	0.704348	0.312554	0.17094	0.162613	0.153125	0.293333	0.804103	0.186923	0.107527	0.100833	0.093844	0.237576	0.190476	0.125	0.08	0.106667	0.15744	0.09899	0.141667	0.312006	0.234375	0.394565	0.172024	0.093897	0.204248	0.084028	0.166092	0.204248	0.043548	0.297541	0.164626	0.136723	0.338012	0.35	0.082305	0.142105	0.128571	0.198649	0.171905	
D00094	0.037994	0.159574	0.363121	1.0	0.102979	0.335188	0.137872	0.143617	0.142999	0.030638	0.335946	0.047872	0.106016	0.1706	0.108936	0.229787	0.111933	0.059871	0.068634	0.173686	0.064843	0.085106	0.148936	0.06383	0.142571	0.260751	0.202128	0.219485	0.154739	0.182163	0.160317	0.066285	0.115992	0.095745	0.130319	0.197666	0.091945	0.163121	0.132849	0.313923	0.29891	0.146673	0.185014	0.276596	0.29891	0.211901	0.227964	0.129385	0.102736	0.234574	0.080452	0.088775	0.082806	0.085816	0.189125	0.355099	0.092199	0.133673	0.088775	0.070922	0.107876	0.197462	0.055706	0.154739	0.166809	0.115992	0.128419	0.177305	0.104746	0.070922	0.109802	0.057447	0.165077	0.202753	0.196245	0.059204	0.095351	0.235787	0.11589	0.130828	0.099176	0.170804	0.238298	0.101856	0.182877	0.163422	0.190768	0.285007	0.156673	0.086879	0.163666	0.279324	0.21846	0.147112	0.128014	0.208449	0.141844	0.175704	0.172912	0.150278	0.085106	0.054468	0.260638	0.156958	0.07572	0.166223	0.099291	0.192723	0.188543	0.18398	0.167881	0.095351	0.133176	0.191489	0.18766	0.163422	0.257898	0.156383	0.07572	0.201734	0.12104	0.104449	0.045729	0.09078	0.132979	0.153191	0.078168	0.087538	0.246257	0.120567	0.286674	0.053856	0.059428	0.154452	0.094433	0.170213	0.194365	0.111317	0.108936	0.153191	0.106016	0.085613	0.034752	0.16079	0.100867	0.12598	0.13617	0.071513	0.214671	0.18925	0.193963	0.194057	0.116018	0.1727	0.175588	0.182915	0.146735	0.109802	0.228301	0.187821	0.154739	0.134523	0.130353	0.220693	0.209552	0.227738	0.171226	0.189125	0.257447	0.085106	0.257898	0.239475	0.12275	0.235679	0.156383	0.201734	0.132849	0.139662	0.230017	0.083047	0.113475	0.195557	0.097182	0.139662	0.3358	0.201437	0.139662	0.147211	0.177305	0.174081	0.294599	0.275286	0.111187	0.052128	0.076672	0.147099	0.19696	0.139007	0.085816	0.119681	0.109802	0.145068	0.180851	0.173278	0.175864	0.185014	0.075988	0.097093	0.2403	0.088652	0.212032	0.150605	0.055594	0.139519	0.210161	0.130184	0.120941	0.446809	0.115839	0.161814	0.182877	0.112708	0.136778	
D00095	0.345714	0.588	0.216	0.102979	1.0	0.177846	0.2592	0.300833	0.301395	0.2704	0.227368	0.217778	0.304138	0.104727	0.2048	0.432	0.445217	0.209302	0.218065	0.26449	0.190476	0.25	0.115714	0.29037	0.180855	0.191489	0.206316	0.210526	0.210182	0.177534	0.209302	0.26	0.330323	0.18	0.32	0.186452	0.321429	0.167536	0.281951	0.179649	0.19122	0.217872	0.347826	0.196923	0.164878	0.130081	0.121905	0.243243	0.257143	0.225	0.125	0.310345	0.211892	0.133333	0.256889	0.233103	0.201026	0.251304	0.310345	0.432	0.179649	0.227368	0.186182	0.210182	0.1296	0.252903	0.28	0.1875	0.150769	0.261333	0.231429	0.261333	0.353103	0.381176	0.248941	0.173913	0.29037	0.094426	0.191489	0.275745	0.209032	0.444444	0.228571	0.166809	0.380952	0.245957	0.298983	0.182326	0.204545	0.213333	0.196923	0.148205	0.248451	0.206286	0.192667	0.255652	0.240667	0.418065	0.131642	0.092252	0.235918	0.2704	0.217778	0.14459	0.198824	0.2205	0.308571	0.167536	0.120615	0.200784	0.158356	0.925926	0.29037	0.217778	0.3528	0.191489	0.204848	0.216	0.198824	0.213333	0.227556	0.175152	0.172537	0.15	0.16	0.2	0.251304	0.164571	0.18963	0.283137	0.170526	0.245	0.497931	0.653333	0.177534	0.245	0.175135	0.167536	0.18	0.174222	0.248966	0.24381	0.192	0.276571	0.18963	0.151579	0.289	0.16	0.215522	0.210526	0.167907	0.275862	0.33283	0.187532	0.203789	0.263284	0.248966	0.206429	0.16254	0.608276	0.454545	0.806452	0.113924	0.063529	0.115108	0.29037	0.321905	0.2	0.324	0.284444	0.392727	0.375319	0.147692	0.277692	0.240667	0.333333	0.472195	0.29641	0.432432	0.252903	0.25037	0.212353	0.523243	0.147692	0.167536	0.207792	0.262564	0.276757	0.300833	0.160364	0.199385	0.246154	0.209032	0.45	0.13009	0.113636	0.370286	0.108	0.3	0.289	0.257857	0.237576	0.470588	0.135593	0.330625	0.195652	0.241429	0.248451	0.200784	0.24	0.608276	0.283137	0.185806	0.189508	0.235918	0.173559	0.202807	0.093333	0.16	0.177895	0.275238	0.276757	0.224	
D00106	0.03956	0.205128	0.720256	0.335188	0.177846	1.0	0.295692	0.288462	0.129159	0.039385	0.702024	0.034615	0.152785	0.323357	0.078769	0.166154	0.113043	0.091592	0.06005	0.138462	0.046886	0.072222	0.123626	0.068946	0.180013	0.275286	0.131174	0.207287	0.123357	0.426765	0.129159	0.1	0.111663	0.08125	0.094231	0.238462	0.054945	0.107915	0.181614	0.57112	0.181614	0.144354	0.301003	0.184911	0.181614	0.190244	0.338645	0.134719	0.086154	0.203462	0.058173	0.089655	0.07027	0.062051	0.287521	0.212202	0.077318	0.120736	0.135809	0.131282	0.107962	0.155466	0.071608	0.111888	0.177846	0.240199	0.079121	0.169551	0.07574	0.115385	0.099176	0.062051	0.135809	0.180995	0.185339	0.042809	0.068946	0.183859	0.094599	0.118167	0.071712	0.123504	0.184835	0.094599	0.161538	0.158429	0.219296	0.173166	0.154196	0.092628	0.143195	0.61854	0.146479	0.116264	0.102564	0.139353	0.230769	0.127047	0.157176	0.306168	0.138462	0.039385	0.154274	0.290542	0.076471	0.222308	0.210989	0.162542	0.36	0.133032	0.30432	0.164672	0.096296	0.109402	0.177231	0.144354	0.205594	0.173333	0.065158	0.205698	0.098803	0.075524	0.058783	0.092564	0.17524	0.123419	0.085619	0.074286	0.207692	0.108899	0.657692	0.058173	0.153316	0.128205	0.068282	0.123077	0.240333	0.139353	0.099692	0.123419	0.152785	0.132234	0.032821	0.254066	0.11396	0.091093	0.111154	0.072222	0.349254	0.307895	0.378533	0.152785	0.167199	0.145654	0.285668	0.12147	0.254907	0.171703	0.165079	0.153316	0.251748	0.179156	0.112171	0.146003	0.177089	0.301425	0.211722	0.150769	0.221538	0.083761	0.205594	0.173159	0.077318	0.130473	0.332308	0.164672	0.198499	0.100986	0.16632	0.071464	0.096296	0.361991	0.134719	0.127811	0.913266	0.31968	0.173964	0.150104	0.141346	0.308951	0.591716	0.172544	0.089578	0.093077	0.093694	0.219301	0.193846	0.115385	0.073846	0.086538	0.158242	0.104895	0.130769	0.339113	0.202163	0.409699	0.140659	0.078223	0.188537	0.077564	0.135809	0.203922	0.049628	0.242371	0.151962	0.126206	0.276383	0.323077	0.091928	0.131174	0.14652	0.183368	0.127033	
D00110	0.241429	0.216	0.3	0.137872	0.2592	0.295692	1.0	0.481667	0.205116	0.1152	0.315789	0.125	0.137931	0.396	0.1764	0.216	0.281739	0.186047	0.145161	0.275918	0.095238	0.200556	0.14	0.214074	0.301538	0.28766	0.118421	0.151579	0.160364	0.438356	0.314419	0.110769	0.258065	0.180625	0.25	0.185806	0.231429	0.211304	0.329756	0.359298	0.109756	0.265957	0.250435	0.26	0.109756	0.15626	0.325952	0.216216	0.206286	0.288	0.16	0.248966	0.156216	0.170667	0.277778	0.223448	0.185128	0.210435	0.248966	0.294	0.202105	0.255789	0.145455	0.209455	0.1352	0.284516	0.160714	0.260417	0.075385	0.170667	0.172857	0.216	0.304138	0.190588	0.226118	0.086957	0.214074	0.158689	0.225106	0.170213	0.170645	0.160556	0.208286	0.205957	0.274286	0.245106	0.347119	0.104651	0.22	0.18375	0.240385	0.24641	0.190423	0.224	0.192	0.195942	0.385333	0.284516	0.134328	0.246667	0.297551	0.08	0.32	0.249344	0.150588	0.24025	0.347143	0.278551	0.258769	0.189804	0.375068	0.24	0.125185	0.142222	0.2304	0.28766	0.175152	0.320333	0.190588	0.166667	0.144	0.160303	0.131642	0.176333	0.300313	0.215111	0.191739	0.228571	0.29037	0.225882	0.252895	0.2025	0.397241	0.214074	0.185205	0.140625	0.25973	0.166957	0.1764	0.128444	0.29	0.137619	0.15	0.311143	0.12	0.210526	0.1445	0.18	0.45403	0.252895	0.410233	0.270345	0.317358	0.203636	0.272842	0.186567	0.446897	0.28	0.248889	0.248966	0.305818	0.284516	0.158228	0.156863	0.138273	0.267407	0.186667	0.300444	0.2	0.200556	0.196364	0.170213	0.131282	0.203462	0.320333	0.18963	0.280976	0.166154	0.195135	0.232903	0.166667	0.282647	0.261622	0.166154	0.278551	0.395065	0.226154	0.138378	0.150417	0.248909	0.315077	0.241231	0.185806	0.324	0.151532	0.192364	0.185143	0.130667	0.240667	0.2645	0.300357	0.267273	0.17	0.207627	0.28125	0.316957	0.14	0.149014	0.207451	0.140833	0.248966	0.329804	0.145161	0.204918	0.132245	0.149492	0.237193	0.160952	0.18	0.278421	0.21	0.195135	0.185143	
D00113	0.251488	0.200694	0.3125	0.143617	0.300833	0.288462	0.481667	1.0	0.256298	0.100833	0.328947	0.130208	0.206897	0.236742	0.150417	0.250694	0.326993	0.193798	0.15121	0.205782	0.063492	0.231481	0.145833	0.25	0.410256	0.277039	0.158443	0.214912	0.136742	0.369863	0.193798	0.205128	0.325269	0.188151	0.344401	0.177755	0.241071	0.236715	0.317581	0.247076	0.14685	0.255319	0.239583	0.19391	0.14685	0.142446	0.253968	0.162725	0.192857	0.352083	0.09375	0.259339	0.144144	0.1	0.289352	0.259339	0.136752	0.163496	0.259339	0.250694	0.228436	0.247076	0.151515	0.276136	0.163333	0.325269	0.190476	0.365017	0.102564	0.177778	0.18006	0.225	0.347701	0.221201	0.25098	0.057971	0.25	0.165301	0.195479	0.143617	0.162634	0.1875	0.186012	0.214539	0.198413	0.195479	0.296963	0.140019	0.170928	0.140625	0.211939	0.209402	0.183392	0.144048	0.168056	0.188708	0.555556	0.242608	0.149409	0.216967	0.205782	0.140833	0.333333	0.197404	0.137868	0.234375	0.31002	0.173913	0.288462	0.216095	0.240011	0.278549	0.130401	0.130208	0.18375	0.255319	0.204545	0.253125	0.177083	0.25	0.16713	0.139205	0.150498	0.168056	0.220052	0.204167	0.219203	0.214881	0.222222	0.180147	0.230537	0.210938	0.448994	0.25	0.164384	0.146484	0.220721	0.173913	0.24	0.133796	0.302083	0.198413	0.15625	0.364583	0.139275	0.177632	0.102083	0.167245	0.318408	0.230537	0.313953	0.323276	0.454403	0.155844	0.253509	0.179104	0.793463	0.334821	0.223545	0.259339	0.364015	0.268817	0.151899	0.132353	0.126049	0.25	0.286706	0.224074	0.16875	0.208912	0.227904	0.214539	0.15438	0.211939	0.355556	0.222994	0.317581	0.136752	0.225225	0.268817	0.173611	0.294424	0.248311	0.173077	0.271739	0.294643	0.173077	0.203266	0.156684	0.218939	0.308013	0.288462	0.134409	0.376042	0.126877	0.200379	0.214881	0.136111	0.277778	0.208333	0.312872	0.252525	0.198529	0.216278	0.333333	0.435236	0.145833	0.213908	0.25531	0.170139	0.31681	0.392565	0.172043	0.307377	0.137755	0.15572	0.351243	0.167659	0.160751	0.241776	0.160714	0.182432	0.100595	
D00136	0.280731	0.174419	0.112016	0.142999	0.301395	0.129159	0.205116	0.256298	1.0	0.268837	0.117911	0.312661	0.194066	0.152643	0.391163	0.34186	0.404449	0.286101	0.468867	0.615093	0.133998	0.436693	0.100498	0.496124	0.272113	0.218209	0.156671	0.176255	0.204651	0.199108	0.394267	0.151163	0.363091	0.454215	0.351744	0.253563	0.439369	0.26424	0.204765	0.117911	0.163925	0.334488	0.267442	0.197227	0.145207	0.218567	0.122093	0.251414	0.415282	0.393023	0.262355	0.353649	0.392835	0.279845	0.149354	0.205293	0.403101	0.368554	0.289495	0.224031	0.319869	0.343125	0.285835	0.38055	0.112558	0.147037	0.212625	0.353198	0.178891	0.224031	0.373754	0.375194	0.461909	0.301642	0.246238	0.122346	0.27907	0.137629	0.218209	0.309253	0.253563	0.436693	0.279402	0.197922	0.374308	0.416131	0.378794	0.156301	0.211416	0.30281	0.257603	0.107633	0.378644	0.260465	0.242248	0.34513	0.242248	0.396849	0.237591	0.130945	0.320835	0.182326	0.403747	0.149447	0.46238	0.153779	0.199889	0.303337	0.129159	0.241222	0.199108	0.27907	0.193798	0.165375	0.225116	0.239485	0.180409	0.282558	0.393981	0.124031	0.349354	0.317125	0.272128	0.205039	0.305596	0.349354	0.341759	0.415282	0.313953	0.438212	0.110465	0.384448	0.205293	0.344531	0.286716	0.186047	0.196417	0.194135	0.267907	0.149354	0.360866	0.14175	0.310078	0.384053	0.269165	0.26989	0.256395	0.312661	0.234641	0.161873	0.16901	0.314354	0.252742	0.328904	0.152999	0.377994	0.212109	0.259551	0.269103	0.353649	0.264271	0.300075	0.26494	0.131783	0.204952	0.124031	0.110742	0.405168	0.256395	0.50646	0.310782	0.239485	0.172332	0.350626	0.205039	0.2205	0.383437	0.288611	0.332495	0.432108	0.2205	0.150821	0.392835	0.34347	0.134816	0.204168	0.26297	0.203646	0.27907	0.154123	0.129159	0.413596	0.337584	0.227907	0.188561	0.129493	0.293023	0.093798	0.524031	0.393023	0.373754	0.513742	0.46238	0.133228	0.349201	0.146107	0.140365	0.314772	0.284998	0.218023	0.388132	0.332421	0.270818	0.137629	0.251068	0.266456	0.147287	0.133998	0.275912	0.296206	0.292913	0.277184	0.130233	
D00139	0.231429	0.192	0.042667	0.030638	0.2704	0.039385	0.1152	0.100833	0.268837	1.0	0.044912	0.36	0.248966	0.035636	0.2888	0.225333	0.210435	0.268837	0.418065	0.26449	0.190476	0.284444	0.051429	0.333333	0.110769	0.102979	0.105263	0.103158	0.235636	0.054795	0.268837	0.301538	0.156129	0.32	0.245	0.165161	0.28	0.255652	0.249756	0.044912	0.097561	0.245957	0.195652	0.13	0.079024	0.130081	0.068571	0.211892	0.330286	0.1	0.32	0.353103	0.243243	0.341333	0.150222	0.067586	0.230769	0.281739	0.270345	0.261333	0.157895	0.157895	0.262545	0.163636	0.04	0.104516	0.28	0.083333	0.027692	0.108	0.206429	0.261333	0.166897	0.169412	0.152471	0.173913	0.148148	0.053115	0.275745	0.340426	0.284516	0.321111	0.185143	0.166809	0.214286	0.191489	0.195932	0.093023	0.178182	0.300833	0.150769	0.025128	0.182535	0.206286	0.266667	0.187826	0.080667	0.156129	0.131642	0.029189	0.20898	0.2304	0.134444	0.083934	0.381176	0.0845	0.160952	0.148406	0.049846	0.112941	0.140274	0.25037	0.213333	0.134444	0.2592	0.166809	0.059394	0.15	0.301176	0.037037	0.256889	0.218788	0.152836	0.216	0.16	0.2	0.195652	0.292571	0.214074	0.313725	0.025789	0.245	0.137931	0.25037	0.177534	0.18	0.121622	0.130435	0.2048	0.256889	0.19931	0.214286	0.261333	0.165143	0.24	0.206316	0.324	0.187778	0.134328	0.063684	0.056279	0.176552	0.218113	0.168312	0.050947	0.193433	0.083448	0.160714	0.205714	0.233103	0.122909	0.218065	0.164051	0.028235	0.115108	0.037037	0.030476	0.2	0.144	0.36	0.174545	0.166809	0.262564	0.249231	0.15	0.213333	0.281951	0.29641	0.182703	0.218065	0.48	0.071176	0.312432	0.29641	0.037101	0.116883	0.173333	0.243243	0.300833	0.081818	0.039385	0.157538	0.258065	0.128	0.158919	0.080182	0.164571	0.048	0.261333	0.289	0.206429	0.237576	0.34	0.097966	0.2025	0.055652	0.28	0.20338	0.226667	0.135	0.233103	0.176471	0.218065	0.128525	0.326531	0.152542	0.157895	0.030476	0.197531	0.206316	0.24381	0.243243	0.257143	
D00180	0.061404	0.257895	0.95	0.335946	0.227368	0.702024	0.315789	0.328947	0.117911	0.044912	1.0	0.039474	0.174229	0.287081	0.068772	0.189474	0.149504	0.091799	0.056593	0.157895	0.053467	0.070175	0.122807	0.064977	0.216524	0.292647	0.133426	0.23638	0.16874	0.444364	0.117911	0.114035	0.183362	0.078947	0.123355	0.237974	0.090226	0.123061	0.207103	0.832256	0.154472	0.134752	0.320748	0.210864	0.154472	0.195265	0.351086	0.137032	0.07218	0.252632	0.044408	0.087114	0.068279	0.047368	0.327875	0.292801	0.076023	0.12357	0.136116	0.149708	0.111111	0.162819	0.081659	0.14067	0.179649	0.249576	0.090226	0.210526	0.08637	0.131579	0.113095	0.05848	0.174834	0.186275	0.224768	0.048818	0.109812	0.19442	0.095558	0.134752	0.081777	0.140838	0.225564	0.107876	0.167084	0.164614	0.233125	0.147287	0.143939	0.082237	0.194332	0.680387	0.180133	0.144361	0.128947	0.185355	0.280994	0.144878	0.160382	0.29224	0.189402	0.044912	0.194932	0.291199	0.074303	0.26864	0.240602	0.199339	0.389744	0.166495	0.246095	0.210526	0.109812	0.124756	0.185614	0.134752	0.25731	0.182749	0.062436	0.259909	0.112671	0.086124	0.075674	0.084503	0.185307	0.112671	0.097635	0.07218	0.236842	0.111455	0.723915	0.054825	0.196007	0.166342	0.077866	0.140351	0.242769	0.123061	0.101404	0.140741	0.160012	0.150794	0.028655	0.307018	0.157245	0.103878	0.142105	0.058967	0.378109	0.351108	0.394941	0.174229	0.190665	0.166097	0.341459	0.163655	0.290684	0.211779	0.188248	0.174834	0.287081	0.226372	0.107484	0.181975	0.182254	0.28655	0.241437	0.155945	0.252632	0.082359	0.191919	0.197462	0.076023	0.134953	0.318421	0.187784	0.226359	0.101215	0.209104	0.081494	0.078622	0.392415	0.153627	0.11516	0.661327	0.329004	0.162393	0.171171	0.161184	0.308772	0.846424	0.196761	0.113186	0.10614	0.098783	0.241228	0.200501	0.11462	0.084211	0.112281	0.165727	0.1042	0.149123	0.328427	0.246711	0.390542	0.181078	0.098839	0.214998	0.08845	0.174834	0.214998	0.04584	0.313201	0.17329	0.143919	0.355802	0.368421	0.086636	0.149584	0.135338	0.209104	0.180952	
D00225	0.160714	0.156481	0.0375	0.047872	0.217778	0.034615	0.125	0.130208	0.312661	0.36	0.039474	1.0	0.155172	0.040909	0.347222	0.181481	0.236715	0.341731	0.358423	0.274376	0.160053	0.278549	0.080357	0.333333	0.125594	0.1513	0.143275	0.093567	0.14596	0.064307	0.233204	0.153846	0.175627	0.28125	0.250868	0.179211	0.253968	0.177536	0.195799	0.039474	0.081978	0.260638	0.154589	0.136752	0.081978	0.130081	0.074405	0.168919	0.286508	0.136111	0.250868	0.27682	0.432432	0.267593	0.158025	0.077586	0.410256	0.174517	0.215517	0.208333	0.280702	0.235867	0.315657	0.244444	0.054444	0.072581	0.223214	0.113426	0.076923	0.092593	0.240079	0.3	0.187739	0.160131	0.130719	0.146135	0.201646	0.0551	0.191489	0.213357	0.280018	0.25	0.15873	0.1513	0.291667	0.213357	0.207627	0.078165	0.182449	0.255208	0.136752	0.028846	0.156495	0.175	0.185185	0.177536	0.104167	0.229391	0.140133	0.036036	0.163832	0.217778	0.151235	0.091075	0.326797	0.088889	0.191138	0.130435	0.061538	0.139434	0.123288	0.201646	0.124486	0.111111	0.160556	0.132979	0.101852	0.204167	0.294935	0.065844	0.22284	0.203704	0.373134	0.266667	0.156684	0.298765	0.319444	0.286508	0.166667	0.263617	0.029605	0.313368	0.137931	0.231481	0.219178	0.146701	0.121622	0.14533	0.375556	0.120988	0.211207	0.111772	0.267593	0.175	0.226852	0.187135	0.225	0.373457	0.106136	0.071637	0.072674	0.172893	0.253669	0.1443	0.05731	0.165837	0.107759	0.126984	0.194444	0.215517	0.113636	0.201613	0.170183	0.034858	0.115108	0.065844	0.064815	0.22284	0.136111	0.340278	0.164983	0.115839	0.257123	0.213675	0.15	0.173868	0.24458	0.257123	0.168919	0.433692	0.231481	0.080065	0.271021	0.230769	0.032609	0.092352	0.102564	0.126877	0.255208	0.10101	0.042735	0.17094	0.258065	0.138889	0.182432	0.078914	0.155556	0.075	0.37037	0.250694	0.21875	0.303872	0.264706	0.076271	0.173611	0.048913	0.12004	0.206964	0.240196	0.195602	0.215517	0.196623	0.433692	0.089253	0.183673	0.271186	0.109649	0.033069	0.197531	0.187135	0.191138	0.216967	0.155556	
D00227	0.208128	0.229885	0.165517	0.106016	0.304138	0.152785	0.137931	0.206897	0.194066	0.248966	0.174229	0.155172	1.0	0.113166	0.166897	0.207471	0.216642	0.194066	0.222469	0.219916	0.16092	0.191571	0.177956	0.206897	0.160477	0.211299	0.131125	0.153358	0.195925	0.124941	0.212109	0.448276	0.245273	0.194504	0.336746	0.173804	0.199507	0.168916	0.262826	0.133394	0.203532	0.229274	0.181409	0.175398	0.18545	0.202411	0.118227	0.29124	0.238424	0.155603	0.194504	0.171819	0.150979	0.207471	0.153257	0.214625	0.143236	0.215892	0.237812	0.278161	0.392015	0.160012	0.195925	0.151724	0.155172	0.222469	0.325739	0.143678	0.084881	0.147126	0.224446	0.229885	0.237812	0.183063	0.182556	0.168666	0.184547	0.102035	0.194057	0.17755	0.187987	0.275862	0.221675	0.211299	0.181034	0.146735	0.154588	0.194066	0.244906	0.206897	0.241711	0.138152	0.218553	0.193103	0.152011	0.168916	0.152011	0.222469	0.148739	0.09708	0.127023	0.176552	0.155172	0.153901	0.20284	0.14569	0.133005	0.156172	0.140318	0.194726	0.19863	0.281609	0.230524	0.231801	0.198621	0.161775	0.18861	0.103736	0.1643	0.12516	0.168966	0.190439	0.12455	0.437069	0.130388	0.168966	0.181409	0.159606	0.183908	0.178837	0.153358	0.215517	0.171819	0.230524	0.19863	0.194504	0.157502	0.12094	0.166897	0.22069	0.157253	0.474548	0.207471	0.141872	0.250319	0.163793	0.248276	0.122605	0.173958	0.204174	0.125301	0.185791	0.255042	0.163233	0.185844	0.20175	0.157253	0.162869	0.185003	0.237812	0.211912	0.269188	0.147534	0.076065	0.179112	0.206897	0.184729	0.138314	0.208621	0.231801	0.208986	0.247982	0.159593	0.207228	0.165517	0.230524	0.222456	0.19496	0.225536	0.1802	0.184547	0.228195	0.225536	0.233864	0.143928	0.163233	0.176835	0.538677	0.242816	0.17069	0.165782	0.165782	0.202725	0.193966	0.139795	0.125392	0.177833	0.166092	0.207471	0.228017	0.162869	0.169279	0.292089	0.131502	0.182112	0.165292	0.482759	0.204225	0.228533	0.140805	0.237812	0.178837	0.14238	0.124647	0.295918	0.245763	0.1464	0.082102	0.246062	0.163793	0.198686	0.268406	0.142365	
D00232	0.063636	0.102424	0.272727	0.1706	0.104727	0.323357	0.396	0.236742	0.152643	0.035636	0.287081	0.040909	0.113166	1.0	0.093091	0.155152	0.113834	0.108245	0.070968	0.133952	0.055411	0.09899	0.127273	0.06734	0.190365	0.325338	0.09378	0.215311	0.119339	0.32279	0.152643	0.084615	0.131965	0.127841	0.111364	0.19824	0.10974	0.139394	0.195565	0.326635	0.143681	0.187234	0.309881	0.201399	0.143681	0.142055	0.29632	0.19656	0.116883	0.22	0.111364	0.141066	0.083047	0.102424	0.294545	0.226332	0.091375	0.128063	0.181191	0.155152	0.092185	0.154386	0.07438	0.145785	0.186182	0.234604	0.10974	0.256061	0.08951	0.175152	0.105195	0.073333	0.160502	0.213904	0.155936	0.064032	0.113805	0.186289	0.099033	0.111799	0.075073	0.129293	0.175584	0.154739	0.190909	0.125338	0.224653	0.152643	0.182231	0.10947	0.218531	0.285548	0.160051	0.137403	0.087576	0.151779	0.291212	0.169501	0.166214	0.346601	0.148423	0.035636	0.20202	0.23845	0.090374	0.204545	0.229004	0.151779	0.362517	0.157219	0.41868	0.113805	0.131987	0.20202	0.160364	0.1706	0.198898	0.371212	0.120321	0.172391	0.103434	0.079614	0.078426	0.121212	0.192045	0.079192	0.142688	0.101818	0.162963	0.091266	0.276555	0.081818	0.160502	0.151515	0.120548	0.164205	0.354791	0.178129	0.117818	0.130909	0.180564	0.17316	0.049091	0.265974	0.109091	0.107656	0.089091	0.085354	0.351696	0.260526	0.289429	0.165831	0.197599	0.14758	0.248038	0.143555	0.341379	0.12987	0.139683	0.160502	0.190413	0.169501	0.143843	0.157219	0.133944	0.243098	0.169697	0.145859	0.200455	0.09899	0.220386	0.204642	0.078788	0.154196	0.310303	0.172391	0.143681	0.168298	0.19656	0.114956	0.09697	0.273797	0.142015	0.119347	0.341502	0.306021	0.18648	0.177396	0.136742	0.251405	0.342657	0.135385	0.105865	0.11	0.102375	0.182562	0.207792	0.136364	0.087273	0.102273	0.157143	0.123967	0.120321	0.271803	0.1375	0.267194	0.093506	0.082971	0.157219	0.048485	0.181191	0.222816	0.070968	0.20149	0.107236	0.135901	0.199362	0.250216	0.140292	0.122488	0.14026	0.177396	0.187532	
D00234	0.172857	0.130667	0.065333	0.108936	0.2048	0.078769	0.1764	0.150417	0.391163	0.2888	0.068772	0.347222	0.166897	0.093091	1.0	0.240667	0.222609	0.364651	0.403226	0.297551	0.137143	0.375556	0.102857	0.296296	0.234017	0.18766	0.152105	0.127368	0.176	0.109589	0.33907	0.173077	0.186452	0.4225	0.2025	0.156129	0.231429	0.227246	0.176098	0.068772	0.124878	0.357872	0.191739	0.153846	0.124878	0.177073	0.105	0.216216	0.386286	0.162	0.3025	0.275862	0.454595	0.322667	0.144	0.155172	0.461538	0.23	0.223448	0.15	0.237193	0.315789	0.285091	0.245818	0.08	0.145161	0.182857	0.150417	0.075385	0.170667	0.412857	0.384	0.248966	0.212353	0.197882	0.125217	0.18963	0.118361	0.265957	0.245106	0.27129	0.268889	0.240286	0.205957	0.251905	0.205957	0.229153	0.11907	0.181818	0.30375	0.169615	0.065641	0.205352	0.208286	0.225333	0.195942	0.147	0.232903	0.27597	0.072072	0.197551	0.2048	0.245	0.128525	0.367647	0.13225	0.171905	0.211304	0.078769	0.156863	0.185205	0.18963	0.18963	0.18	0.2304	0.28766	0.087273	0.243	0.397647	0.106667	0.324	0.237576	0.251045	0.280333	0.300313	0.300444	0.34087	0.514286	0.27	0.453333	0.067368	0.390625	0.135172	0.24	0.263288	0.225625	0.182703	0.166957	0.2704	0.177778	0.270345	0.137619	0.322667	0.208286	0.29037	0.254737	0.242	0.405	0.17194	0.095	0.123023	0.233103	0.217358	0.233766	0.084211	0.201791	0.152069	0.142857	0.214603	0.248966	0.145455	0.209032	0.259241	0.088235	0.166331	0.106667	0.095238	0.235111	0.2205	0.435556	0.242424	0.205957	0.248205	0.418846	0.192	0.296296	0.215122	0.271282	0.195135	0.371613	0.296296	0.095294	0.454595	0.402051	0.083768	0.14961	0.166154	0.195135	0.220417	0.132545	0.069231	0.241231	0.35129	0.169	0.274054	0.081818	0.206286	0.096	0.322667	0.3645	0.28	0.349091	0.284706	0.082034	0.227813	0.097826	0.160714	0.236901	0.245098	0.1875	0.275862	0.245098	0.436129	0.131148	0.18	0.195254	0.154737	0.115238	0.222222	0.254737	0.251905	0.261622	0.185143	
D00235	0.288095	0.25	0.18	0.229787	0.432	0.166154	0.216	0.250694	0.34186	0.225333	0.189474	0.181481	0.207471	0.155152	0.240667	1.0	0.523188	0.279845	0.275269	0.329252	0.15873	0.267593	0.233333	0.35679	0.192593	0.256028	0.284211	0.296491	0.242424	0.20137	0.310078	0.155128	0.430108	0.3375	0.376042	0.237097	0.385714	0.255556	0.358537	0.211111	0.293496	0.256028	0.489855	0.282692	0.263415	0.197561	0.143254	0.397297	0.308571	0.333333	0.15	0.506897	0.230631	0.16	0.166667	0.332184	0.218803	0.319565	0.506897	0.217778	0.189474	0.283041	0.196364	0.242424	0.261333	0.18172	0.267857	0.250694	0.164103	0.217778	0.214881	0.284444	0.556322	0.662745	0.285882	0.144928	0.35679	0.157923	0.229787	0.343262	0.260215	0.37037	0.321905	0.18156	0.31746	0.283688	0.225989	0.279845	0.334091	0.225	0.369231	0.17094	0.342254	0.251905	0.18	0.352174	0.200556	0.474194	0.181343	0.108408	0.196599	0.261333	0.237037	0.157377	0.25098	0.24	0.229365	0.255556	0.131282	0.376471	0.20137	0.4	0.208642	0.156481	0.294	0.256028	0.291919	0.18	0.25098	0.177778	0.326667	0.222727	0.219403	0.142222	0.16875	0.267407	0.319565	0.186667	0.298765	0.31634	0.175439	0.266667	0.332184	0.597531	0.221005	0.266667	0.18018	0.213043	0.240667	0.18963	0.207471	0.203175	0.187778	0.297619	0.246914	0.197368	0.300833	0.181481	0.199005	0.232018	0.187597	0.278161	0.304403	0.270563	0.202105	0.362687	0.207471	0.2625	0.256085	0.556322	0.293333	0.52043	0.168776	0.128105	0.17482	0.277778	0.228571	0.267407	0.403333	0.3	0.736364	0.343262	0.218803	0.310256	0.222222	0.4	0.393496	0.376923	0.706306	0.241935	0.4	0.237255	0.325225	0.192308	0.174396	0.17316	0.192308	0.325225	0.336111	0.174545	0.185128	0.271282	0.215054	0.24	0.172973	0.136364	0.64381	0.217778	0.321111	0.3675	0.214881	0.258586	0.392157	0.136723	0.3	0.163043	0.20119	0.248357	0.288235	0.234722	0.506897	0.235948	0.18172	0.157923	0.220408	0.203955	0.169006	0.228571	0.164609	0.253509	0.257143	0.325225	0.186667	
D00241	0.447205	0.284058	0.142029	0.111933	0.445217	0.113043	0.281739	0.326993	0.404449	0.210435	0.149504	0.236715	0.216642	0.113834	0.222609	0.523188	1.0	0.258847	0.315568	0.354925	0.207039	0.349034	0.15528	0.362319	0.16388	0.181314	0.193364	0.386728	0.202372	0.215009	0.327604	0.135452	0.56101	0.266304	0.440217	0.227209	0.503106	0.227473	0.207847	0.149504	0.179215	0.299722	0.306238	0.214047	0.152704	0.141393	0.087474	0.3396	0.359006	0.352174	0.164402	0.433283	0.300823	0.175362	0.163285	0.253373	0.285396	0.273157	0.433283	0.244928	0.220442	0.275362	0.316206	0.285375	0.14087	0.140252	0.223602	0.326993	0.16388	0.175362	0.310559	0.284058	0.661169	0.461637	0.225575	0.189036	0.465378	0.120456	0.236818	0.299722	0.253156	0.43599	0.248447	0.236818	0.26501	0.407956	0.324982	0.17088	0.285573	0.203804	0.334448	0.125418	0.244948	0.248447	0.185507	0.252048	0.261594	0.506311	0.129786	0.076772	0.199645	0.210435	0.309179	0.128653	0.327366	0.217391	0.202899	0.277883	0.096321	0.341006	0.172126	0.412238	0.231884	0.146135	0.222609	0.299722	0.189723	0.20942	0.250639	0.194847	0.247343	0.190382	0.210253	0.142029	0.220109	0.247343	0.34121	0.209938	0.29066	0.307758	0.128719	0.266304	0.383808	0.521739	0.215009	0.195652	0.1698	0.182105	0.281739	0.13913	0.270615	0.232919	0.244928	0.273913	0.15781	0.193364	0.244565	0.204106	0.166126	0.185355	0.182508	0.270615	0.328138	0.273292	0.148284	0.259572	0.270615	0.251553	0.276052	0.485757	0.348617	0.454418	0.159053	0.103154	0.125117	0.161031	0.207039	0.348792	0.352174	0.43599	0.475626	0.236818	0.160535	0.270903	0.20942	0.272142	0.424178	0.322185	0.424207	0.315568	0.231884	0.184783	0.300823	0.188406	0.123503	0.163185	0.160535	0.264395	0.293478	0.142688	0.131104	0.323746	0.253156	0.313043	0.12691	0.095652	0.448447	0.144928	0.371014	0.479348	0.28028	0.296443	0.461637	0.133014	0.299592	0.185255	0.187888	0.244948	0.341006	0.355072	0.485757	0.276215	0.201964	0.102637	0.199645	0.294768	0.10984	0.167702	0.173913	0.257437	0.299172	0.3396	0.209938	
D00255	0.280731	0.151938	0.087209	0.059871	0.209302	0.091592	0.186047	0.193798	0.286101	0.268837	0.091799	0.341731	0.194066	0.108245	0.364651	0.279845	0.258847	1.0	0.270818	0.251068	0.187154	0.341731	0.186877	0.344531	0.203538	0.178624	0.119951	0.099143	0.223679	0.168525	0.286101	0.128801	0.216804	0.351744	0.351744	0.198425	0.332226	0.26424	0.226886	0.091799	0.111174	0.309253	0.291203	0.144902	0.095859	0.193609	0.099945	0.277184	0.321595	0.188372	0.235465	0.501203	0.304211	0.251163	0.1323	0.097033	0.288611	0.291203	0.584603	0.251163	0.343125	0.444308	0.331501	0.243552	0.059535	0.090773	0.140365	0.174903	0.028623	0.131008	0.452243	0.34186	0.259824	0.273598	0.157592	0.17088	0.193798	0.06443	0.309253	0.285007	0.253563	0.258398	0.191362	0.309253	0.244186	0.239485	0.22704	0.106003	0.233087	0.496124	0.279517	0.076327	0.221422	0.279402	0.282558	0.22784	0.17093	0.192048	0.188997	0.060549	0.209302	0.182326	0.186693	0.12886	0.273598	0.140698	0.199889	0.178295	0.091592	0.147743	0.215355	0.193798	0.193798	0.186693	0.314419	0.334488	0.10148	0.223256	0.331053	0.086133	0.273385	0.317125	0.272128	0.282558	0.24564	0.465116	0.291203	0.293023	0.248062	0.332421	0.078335	0.351744	0.180433	0.248923	0.249761	0.235465	0.212445	0.194135	0.290698	0.227907	0.271051	0.160022	0.279845	0.224585	0.291128	0.323745	0.209884	0.312661	0.167997	0.134945	0.14305	0.212109	0.274243	0.188765	0.097919	0.234641	0.160385	0.200997	0.195275	0.231756	0.152643	0.216804	0.247571	0.065663	0.171323	0.10422	0.089701	0.273385	0.188372	0.341731	0.254405	0.160317	0.238521	0.279517	0.187597	0.27907	0.250142	0.288611	0.226901	0.300075	0.344531	0.136799	0.392835	0.26297	0.086282	0.146179	0.134168	0.203646	0.213663	0.121776	0.103399	0.24186	0.337584	0.227907	0.387387	0.129493	0.265781	0.174419	0.410078	0.334884	0.280731	0.310782	0.273598	0.11352	0.192224	0.072801	0.186877	0.256797	0.220702	0.16376	0.231756	0.262654	0.330833	0.168128	0.171334	0.22704	0.179927	0.089701	0.275912	0.382497	0.267996	0.332495	0.239867	
D00270	0.186636	0.154839	0.053763	0.068634	0.218065	0.06005	0.145161	0.15121	0.468867	0.418065	0.056593	0.358423	0.222469	0.070968	0.403226	0.275269	0.315568	0.270818	1.0	0.348255	0.15361	0.516129	0.115207	0.526882	0.18638	0.154427	0.143463	0.108659	0.150147	0.099426	0.396849	0.17866	0.266389	0.681452	0.258065	0.208117	0.294931	0.187003	0.314713	0.068478	0.132966	0.247769	0.227209	0.158809	0.113297	0.177288	0.0649	0.251962	0.530876	0.206452	0.533266	0.444939	0.50218	0.568817	0.140502	0.134594	0.476427	0.253156	0.3604	0.210753	0.249576	0.273911	0.234604	0.283871	0.129032	0.149844	0.165899	0.172043	0.121588	0.154839	0.331797	0.388172	0.284761	0.274194	0.183681	0.140252	0.201912	0.089371	0.154427	0.274537	0.251821	0.323477	0.223041	0.154427	0.33871	0.274537	0.314926	0.126782	0.237537	0.296371	0.223945	0.050041	0.2199	0.184332	0.237097	0.226274	0.155376	0.300728	0.162735	0.041848	0.263331	0.185806	0.229391	0.095452	0.85389	0.103226	0.172811	0.206171	0.06005	0.142315	0.194874	0.201912	0.119474	0.108423	0.186452	0.198353	0.11828	0.260215	0.743833	0.096774	0.207168	0.176442	0.192585	0.391935	0.290323	0.316129	0.280505	0.623041	0.31601	0.334598	0.051358	0.403226	0.187987	0.268817	0.276182	0.121976	0.174368	0.187003	0.186452	0.121147	0.294216	0.172811	0.388172	0.223041	0.215651	0.166384	0.291129	0.358423	0.155994	0.083192	0.096024	0.1802	0.321972	0.221617	0.076401	0.212325	0.160734	0.186636	0.247824	0.284761	0.169501	0.234131	0.297673	0.063251	0.169181	0.096774	0.09831	0.286738	0.158065	0.653226	0.250244	0.115992	0.239041	0.273573	0.194086	0.172043	0.284028	0.26799	0.223191	0.416233	0.268817	0.080171	0.282476	0.602978	0.067321	0.151236	0.211745	0.251962	0.325269	0.105865	0.06005	0.285856	0.5	0.272581	0.181633	0.084457	0.266359	0.107527	0.430108	0.322581	0.304724	0.391007	0.342505	0.098688	0.243952	0.070126	0.225806	0.43662	0.253004	0.193548	0.284761	0.278937	0.458897	0.089371	0.237656	0.197376	0.095642	0.075269	0.290323	0.166384	0.221966	0.314734	0.132719	
