data	D00035	D00110	D00136	D00195	D00219	D00225	D00227	D00228	D00234	D00252	D00274	D00283	D00293	D00294	D00303	D00319	D00326	D00329	D00331	D00332	D00335	D00336	D00338	D00340	D00345	D00349	D00351	D00354	D00358	D00364	D00367	D00373	D00379	D00380	D00392	D00394	D00418	D00437	D00438	D00451	D00456	D00464	D00474	D00477	D00480	D00495	D00499	D00504	D00512	D00513	D00519	D00521	D00524	D00528	D00530	D00533	D00536	D00537	D00538	D00539	D00542	D00543	D00544	D00545	D00546	D00547	D00548	D00549	D00550	D00552	D00553	D00560	D00563	D00574	D00593	D00594	D00607	D00611	D00615	D00616	D00617	D00618	D00619	D00629	D00631	D00633	D00636	D00638	D00639	D00640	D00642	D00647	D00648	D00649	D00650	D00651	D00654	D00656	D00658	D00677	D00678	D00694	D00697	D00704	D00708	D00709	D00711	D00726	D00732	D00733	D00735	D00738	D00739	D00740	D00741	D00759	D00760	D00761	D00765	D00771	D00775	D00779	D00791	D00798	D00799	D00809	D00812	D00816	D00823	D00831	D00960	D00963	D00964	D01071	D01108	D01111	D01118	D01242	D01243	D01253	D01256	D01275	D01287	D01295	D01350	D01448	D01450	D01453	D01575	D01599	D01603	D01712	D01768	D01799	D01828	D01854	D01969	D02041	D02086	D02087	D02088	D02092	D02098	D02101	D02163	D02173	D02204	D02207	D02234	D02237	D02253	D02261	D02262	D02272	D02347	D02356	D02360	D02362	D02409	D02461	D02485	D02546	D02566	D02630	D02914	D03037	D03180	D03274	D03365	D03450	D03580	D03742	D03826	D03830	D03878	D03991	D04034	D04048	D04370	D04790	D04985	D04999	D05024	D05077	D05156	D05453	D05458	D05461	D06106	D06172	
D00035	1.0	0.321111	0.104651	0.241055	0.2	0.03858	0.095785	0.107744	0.071111	0.160714	0.137188	0.075617	0.085069	0.100823	0.107143	0.177778	0.080065	0.109756	0.118421	0.292398	0.150943	0.145455	0.1125	0.136364	0.063307	0.163265	0.186567	0.032922	0.136752	0.186047	0.082492	0.101587	0.186728	0.114695	0.277778	0.111111	0.155172	0.153846	0.131148	0.216216	0.082492	0.0625	0.136752	0.126984	0.0625	0.214286	0.191571	0.214286	0.136364	0.122605	0.104575	0.097466	0.142222	0.097222	0.088889	0.145161	0.248971	0.181481	0.148148	0.197531	0.068376	0.07716	0.099206	0.07716	0.07716	0.063131	0.302867	0.169312	0.037538	0.236842	0.118357	0.063492	0.066667	0.155172	0.108423	0.286706	0.131148	0.148148	0.144444	0.211864	0.134127	0.140351	0.102881	0.145455	0.129199	0.073099	0.111111	0.170707	0.12963	0.154321	0.170804	0.131808	0.094837	0.136364	0.108932	0.118203	0.1125	0.05	0.1125	0.19161	0.091168	0.134444	0.168056	0.20915	0.142222	0.280093	0.108889	0.114695	0.155172	0.186728	0.25	0.122605	0.122605	0.160714	0.15	0.086195	0.059701	0.121359	0.144645	0.052288	0.055556	0.154321	0.09	0.096096	0.056713	0.111111	0.071429	0.09387	0.075617	0.194444	0.1125	0.204918	0.098765	0.242424	0.037538	0.209402	0.104575	0.133333	0.108889	0.101587	0.143026	0.162177	0.154321	0.1	0.057878	0.117361	0.132353	0.118519	0.105035	0.172365	0.15781	0.107143	0.16835	0.197712	0.068056	0.156522	0.095785	0.150943	0.126984	0.166667	0.142222	0.131808	0.173611	0.115508	0.146701	0.19161	0.093567	0.104701	0.085091	0.156863	0.132238	0.245211	0.132691	0.137227	0.134444	0.106838	0.163957	0.218346	0.131808	0.191138	0.049495	0.290698	0.087814	0.057348	0.146701	0.092593	0.198413	0.151434	0.177778	0.129032	0.120718	0.223545	0.162177	0.200694	0.209402	0.240741	0.06338	0.181682	0.199764	0.22575	0.154321	0.361111	0.203175	0.173913	0.191138	0.15	0.117647	0.072782	0.179211	0.154589	
D00110	0.321111	1.0	0.205116	0.305085	0.1445	0.125	0.137931	0.073333	0.1764	0.206429	0.275918	0.200556	0.25	0.106667	0.251905	0.300444	0.190588	0.258049	0.19	0.151579	0.150943	0.160364	0.242	0.155152	0.205116	0.275918	0.286866	0.106667	0.307692	0.314419	0.175152	0.112	0.125	0.258065	0.196	0.180625	0.116552	0.26	0.239016	0.216216	0.293333	0.1225	0.307692	0.285714	0.16	0.186667	0.223448	0.308571	0.218788	0.248966	0.212353	0.255789	0.1352	0.160714	0.2	0.284516	0.391852	0.225333	0.240833	0.217778	0.075385	0.09	0.115714	0.09	0.09	0.090909	0.371613	0.160952	0.121622	0.269474	0.347826	0.172857	0.216	0.304138	0.170645	0.28	0.158689	0.213333	0.224308	0.229153	0.257143	0.237193	0.195926	0.265091	0.246047	0.105263	0.1444	0.145455	0.214286	0.245	0.307234	0.141569	0.169899	0.175152	0.156863	0.205957	0.1445	0.1125	0.128	0.417959	0.295385	0.16	0.3125	0.117647	0.3528	0.27	0.32	0.284516	0.304138	0.245	0.16	0.333793	0.155172	0.315	0.15	0.17503	0.134328	0.186602	0.246667	0.095294	0.08	0.32	0.1296	0.105946	0.106667	0.180625	0.160714	0.176552	0.18	0.260357	0.1445	0.239016	0.142222	0.175152	0.077838	0.526538	0.190588	0.176333	0.32	0.096571	0.153617	0.291717	0.405	0.215111	0.113441	0.15625	0.338824	0.15	0.18	0.131282	0.166957	0.137619	0.155152	0.099412	0.1445	0.306783	0.198621	0.462264	0.285714	0.166667	0.2592	0.285882	0.140625	0.196978	0.165313	0.297551	0.118421	0.173077	0.158228	0.156863	0.176056	0.270345	0.251405	0.246838	0.16	0.203462	0.329756	0.364651	0.156863	0.308571	0.192364	0.364651	0.232903	0.170645	0.245	0.176333	0.231429	0.185806	0.324	0.201613	0.205865	0.373333	0.247475	0.21025	0.323462	0.205128	0.149014	0.394054	0.435745	0.325079	0.200556	0.406923	0.240286	0.173913	0.275238	0.294	0.230588	0.148992	0.209032	0.281739	
D00136	0.104651	0.205116	1.0	0.113914	0.188372	0.312661	0.194066	0.158562	0.391163	0.439369	0.615093	0.436693	0.418605	0.248923	0.434109	0.273385	0.427497	0.510493	0.26989	0.176255	0.175516	0.204651	0.393023	0.203665	0.31152	0.251068	0.272128	0.27907	0.432916	0.394267	0.552502	0.1701	0.109173	0.363091	0.196512	0.454215	0.097033	0.197227	0.184522	0.251414	0.310782	0.418605	0.394454	0.401993	0.262355	0.217054	0.205293	0.320044	0.440451	0.289495	0.197674	0.343125	0.112558	0.212625	0.363372	0.432108	0.310939	0.139922	0.248062	0.218346	0.178891	0.156331	0.200997	0.129199	0.129199	0.207188	0.330833	0.283499	0.304211	0.353733	0.365015	0.373754	0.375194	0.461909	0.273443	0.325581	0.137629	0.218023	0.206082	0.142294	0.279402	0.19747	0.33764	0.186469	0.338021	0.239902	0.267907	0.169133	0.249169	0.436693	0.142504	0.332421	0.30444	0.22833	0.220702	0.285007	0.188372	0.209884	0.232558	0.251068	0.288611	0.290698	0.307558	0.165527	0.372093	0.189922	0.335814	0.396849	0.388132	0.284884	0.210029	0.388132	0.231756	0.401993	0.19845	0.172657	0.237591	0.203206	0.130945	0.19699	0.182326	0.403747	0.267907	0.160905	0.256298	0.454215	0.401993	0.424218	0.403747	0.219684	0.209884	0.123523	0.284884	0.180409	0.022627	0.216458	0.393981	0.205039	0.335814	0.239867	0.178624	0.135307	0.312661	0.349354	0.054513	0.211919	0.361833	0.224031	0.209302	0.116875	0.194135	0.14175	0.180409	0.098495	0.256395	0.182002	0.314354	0.212374	0.401993	0.234496	0.301395	0.590971	0.186047	0.1131	0.227108	0.137162	0.103427	0.201252	0.26494	0.131783	0.144448	0.102646	0.150682	0.155834	0.246047	0.350626	0.354509	0.195241	0.220702	0.283499	0.355603	0.156301	0.432108	0.630533	0.264898	0.348837	0.212625	0.337584	0.227907	0.234434	0.118202	0.124585	0.225746	0.211919	0.302326	0.238521	0.314772	0.332495	0.261752	0.13326	0.209302	0.357782	0.319269	0.244692	0.187154	0.375194	0.350205	0.274202	0.216804	0.327604	
D00195	0.241055	0.305085	0.113914	1.0	0.137288	0.079567	0.116891	0.115562	0.122373	0.1023	0.13836	0.079567	0.119174	0.075957	0.103309	0.108851	0.084247	0.093014	0.087422	0.128457	0.127918	0.135901	0.095339	0.100668	0.077257	0.13836	0.158108	0.050847	0.127771	0.113914	0.07396	0.156901	0.136064	0.107162	0.102542	0.076271	0.131502	0.117666	0.122534	0.14842	0.148433	0.103814	0.093872	0.136199	0.076271	0.08071	0.114553	0.08071	0.07396	0.14962	0.084247	0.107345	0.097627	0.118644	0.095339	0.123018	0.090395	0.254237	0.070621	0.113936	0.02086	0.033898	0.043584	0.033898	0.033898	0.03775	0.15801	0.116223	0.089785	0.128457	0.124539	0.121065	0.081356	0.131502	0.098688	0.2046	0.111142	0.138418	0.126206	0.258546	0.117191	0.143919	0.151915	0.111248	0.12771	0.150758	0.122373	0.135901	0.116223	0.136064	0.333393	0.107677	0.098613	0.0868	0.096045	0.08114	0.095339	0.051271	0.083051	0.199239	0.156888	0.097966	0.122458	0.099701	0.082034	0.158898	0.114576	0.123018	0.131502	0.120527	0.17161	0.168907	0.168907	0.136199	0.144633	0.172676	0.113838	0.290275	0.25668	0.120638	0.082034	0.120527	0.076271	0.165369	0.079449	0.089513	0.087167	0.084161	0.092279	0.146489	0.083051	0.340372	0.092279	0.131484	0.077416	0.255541	0.071785	0.091525	0.132881	0.08184	0.116841	0.316555	0.188324	0.096422	0.120388	0.093432	0.161515	0.144633	0.105932	0.140808	0.088676	0.103309	0.148433	0.127617	0.083051	0.212822	0.154588	0.268948	0.136199	0.127472	0.097627	0.14656	0.153072	0.42446	0.085805	0.553442	0.100357	0.22311	0.10384	0.107677	0.095488	0.357978	0.336322	0.320006	0.097966	0.143742	0.13394	0.266456	0.107677	0.247175	0.078891	0.266456	0.0924	0.079005	0.095604	0.091525	0.118644	0.098688	0.14322	0.098688	0.443609	0.49435	0.287793	0.203602	0.157757	0.173837	0.053712	0.202016	0.190768	0.258542	0.105932	0.110169	0.16368	0.133014	0.247175	0.110734	0.080758	0.095782	0.107162	0.089167	
D00219	0.2	0.1445	0.188372	0.137288	1.0	0.117361	0.190086	0.193939	0.1445	0.200893	0.246939	0.117361	0.225781	0.408333	0.238095	0.245	0.324265	0.243902	0.2375	0.336842	0.754717	0.727273	0.225625	0.273485	0.363372	0.293878	0.180597	0.112037	0.216346	0.168023	0.148485	0.206429	0.802778	0.26129	0.21125	0.132031	0.27931	0.325	0.344672	0.218919	0.170455	0.2	0.216346	0.200893	0.175781	0.267857	0.344828	0.233333	0.218939	0.14569	0.324265	0.296491	0.1	0.258036	0.225625	0.233065	0.208333	0.18375	0.15	0.234722	0.123077	0.138889	0.144643	0.1125	0.1125	0.1375	0.206452	0.304762	0.114189	0.296053	0.244565	0.178571	0.1875	0.193966	0.552016	0.236161	0.256148	0.176042	0.301538	0.264831	0.343214	0.36886	0.185185	0.331364	0.256395	0.257895	0.3125	0.409091	0.20119	0.30625	0.166223	0.282353	0.227273	0.170455	0.282353	0.257447	0.275625	0.36	0.3025	0.1	0.144231	0.162	0.25	0.177941	0.225	0.15	0.196	0.233065	0.193966	0.30625	0.528125	0.193966	0.27931	0.200893	0.3675	0.185606	0.16791	0.151699	0.140766	0.147059	0.169	0.136111	0.1805	0.19527	0.188021	0.1125	0.108036	0.124138	0.30625	0.178571	0.225625	0.147951	0.225	0.436364	0.081757	0.192308	0.105882	0.166667	0.225	0.231429	0.359574	0.170707	0.15625	0.222222	0.072347	0.195313	0.165441	0.240833	0.126563	0.741026	0.159783	0.192857	0.400758	0.752941	0.275625	0.222609	0.190086	0.092453	0.200893	0.352083	0.225	0.237255	0.45	0.103597	0.172266	0.147449	0.094737	0.127163	0.126582	0.282353	0.25669	0.190086	0.15062	0.155769	0.338	0.192308	0.103049	0.188372	0.306373	0.286012	0.181818	0.188372	0.13629	0.16129	0.225	0.220417	0.357143	0.293952	0.10125	0.272581	0.108271	0.133929	0.242677	0.262813	0.123077	0.400641	0.170423	0.152027	0.104255	0.192063	0.336111	0.216346	0.1575	0.367391	0.20119	0.140833	0.211765	0.251163	0.322581	0.244565	
D00225	0.03858	0.125	0.312661	0.079567	0.117361	1.0	0.155172	0.243266	0.347222	0.286706	0.274376	0.278549	0.250868	0.173868	0.238757	0.178395	0.264706	0.219512	0.164474	0.093567	0.169811	0.14596	0.200694	0.121212	0.233204	0.145125	0.238806	0.297325	0.209402	0.233204	0.445286	0.257143	0.111111	0.175627	0.138889	0.28125	0.077586	0.136752	0.116576	0.168919	0.272727	0.459201	0.180556	0.194444	0.250868	0.107143	0.077586	0.190476	0.3367	0.215517	0.117647	0.235867	0.054444	0.223214	0.30625	0.290323	0.148148	0.078241	0.195602	0.098765	0.076923	0.055556	0.097222	0.075617	0.075617	0.061869	0.201613	0.190476	0.91967	0.247076	0.204106	0.240079	0.3	0.187739	0.114695	0.198413	0.0551	0.09375	0.123504	0.120527	0.175	0.124756	0.205761	0.129293	0.209302	0.210526	0.245	0.113636	0.190476	0.278549	0.07565	0.196623	0.112233	0.142256	0.240196	0.191489	0.1	0.15625	0.15625	0.163832	0.230769	0.293889	0.30625	0.104575	0.217778	0.056713	0.16	0.229391	0.187739	0.222994	0.146701	0.187739	0.137931	0.194444	0.133333	0.122727	0.140133	0.168554	0.036036	0.320261	0.217778	0.151235	0.268889	0.243243	0.280093	0.28125	0.286706	0.310345	0.25	0.111607	0.15625	0.065574	0.25	0.101852	0.012012	0.120192	0.294935	0.266667	0.187778	0.203175	0.115839	0.123737	0.151235	0.298765	0.015095	0.168056	0.160131	0.208333	0.191406	0.12037	0.14533	0.111772	0.121212	0.098856	0.225	0.087198	0.191571	0.134172	0.194444	0.208912	0.217778	0.263617	0.125	0.088129	0.210069	0.127551	0.035819	0.166934	0.170183	0.034858	0.056338	0.107759	0.121442	0.125594	0.125	0.213675	0.271003	0.145349	0.176471	0.145833	0.222727	0.052326	0.433692	0.216846	0.111111	0.289352	0.080357	0.258065	0.138889	0.064516	0.092105	0.111772	0.148429	0.125347	0.258547	0.182336	0.206964	0.147147	0.170804	0.044092	0.07716	0.180556	0.209921	0.217995	0.055886	0.181481	0.235294	0.156977	0.089606	0.236715	
D00227	0.095785	0.137931	0.194066	0.116891	0.190086	0.155172	1.0	0.150993	0.166897	0.222291	0.219916	0.191571	0.260776	0.255428	0.164204	0.202682	0.223631	0.24222	0.181488	0.153358	0.203318	0.195925	0.228017	0.208986	0.230954	0.219916	0.187597	0.255428	0.169761	0.212109	0.208986	0.142365	0.191571	0.245273	0.249138	0.194504	0.133769	0.175398	0.162804	0.29124	0.208986	0.215517	0.23939	0.199507	0.194504	0.296388	0.214625	0.237274	0.169279	0.237812	0.20284	0.160012	0.155172	0.325739	0.208621	0.222469	0.206897	0.13908	0.207615	0.245211	0.084881	0.095785	0.099754	0.095785	0.095785	0.112853	0.245273	0.26601	0.150979	0.232305	0.191904	0.224446	0.229885	0.237812	0.202725	0.17734	0.102035	0.140805	0.152785	0.197545	0.153941	0.160012	0.215837	0.180564	0.144747	0.232305	0.233103	0.151724	0.16092	0.231801	0.176266	0.228533	0.136538	0.169279	0.149087	0.17755	0.172414	0.208621	0.190086	0.186137	0.19496	0.182414	0.208621	0.146045	0.275862	0.183908	0.176552	0.222469	0.171819	0.211207	0.155711	0.171819	0.171819	0.177956	0.186207	0.143051	0.148739	0.18229	0.09708	0.146045	0.176552	0.155172	0.124483	0.150979	0.12967	0.194504	0.222291	0.214625	0.211207	0.135776	0.208621	0.1368	0.191571	0.18861	0.078751	0.190981	0.1643	0.437069	0.176552	0.283744	0.161775	0.15674	0.172893	0.168966	0.071848	0.124138	0.146552	0.331034	0.130388	0.176835	0.12094	0.474548	0.169279	0.183063	0.248276	0.117541	0.200951	0.203318	0.157635	0.173851	0.176552	0.211291	0.174569	0.097246	0.118804	0.155172	0.131125	0.149204	0.147534	0.076065	0.151773	0.157253	0.164719	0.170351	0.152069	0.207228	0.203532	0.129912	0.284314	0.172619	0.165831	0.144747	0.1802	0.173804	0.142511	0.165517	0.222291	0.202725	0.193966	0.122636	0.101633	0.10509	0.167363	0.207112	0.14622	0.159593	0.204225	0.16822	0.194057	0.132458	0.211207	0.191645	0.179557	0.181409	0.138752	0.166092	0.198783	0.154504	0.1802	0.191904	
D00228	0.107744	0.073333	0.158562	0.115562	0.193939	0.243266	0.150993	1.0	0.267273	0.212121	0.178726	0.142256	0.273674	0.161616	0.162338	0.09697	0.174688	0.213599	0.1563	0.129187	0.252144	0.242975	0.218939	0.179982	0.158562	0.104515	0.163275	0.189675	0.11655	0.138125	0.206612	0.631169	0.215488	0.11828	0.09697	0.185606	0.176594	0.083916	0.097367	0.295659	0.179982	0.213068	0.141026	0.155844	0.242424	0.092352	0.066876	0.116883	0.179982	0.126437	0.150624	0.172249	0.098182	0.155844	0.148485	0.219941	0.135802	0.09899	0.126263	0.082492	0.037296	0.042088	0.054113	0.042088	0.042088	0.049587	0.11828	0.243867	0.265356	0.192982	0.131752	0.195346	0.19798	0.15047	0.176442	0.238636	0.083954	0.126263	0.168298	0.226502	0.17316	0.119617	0.202581	0.079339	0.22833	0.229665	0.293333	0.141047	0.1443	0.189394	0.156028	0.214498	0.110499	0.111111	0.214498	0.186331	0.148485	0.109091	0.170455	0.121212	0.174825	0.136364	0.12803	0.064171	0.121212	0.080808	0.174545	0.11828	0.15047	0.243266	0.242424	0.126437	0.301985	0.155844	0.227273	0.154454	0.141339	0.169462	0.046137	0.215686	0.204848	0.121212	0.196364	0.642097	0.204545	0.213068	0.243506	0.23511	0.189394	0.138528	0.170455	0.071535	0.272727	0.111111	0.007371	0.070513	0.174688	0.14596	0.146667	0.221645	0.257898	0.161922	0.101852	0.194613	0.024944	0.10947	0.107843	0.145455	0.229167	0.224553	0.126921	0.103896	0.265381	0.257576	0.273485	0.105402	0.18861	0.096627	0.130952	0.568182	0.146667	0.171717	0.273674	0.105516	0.136837	0.158318	0.064593	0.141026	0.202915	0.085561	0.06146	0.276385	0.169296	0.175084	0.218788	0.188811	0.124908	0.203665	0.171717	0.159091	0.141047	0.057082	0.191593	0.141251	0.080019	0.14596	0.069264	0.236559	0.122727	0.0826	0.110276	0.233766	0.191307	0.151515	0.114219	0.280497	0.138284	0.099099	0.108962	0.0481	0.084175	0.167832	0.14026	0.554018	0.051948	0.170707	0.114082	0.135307	0.079179	0.131752	
D00234	0.071111	0.1764	0.391163	0.122373	0.1445	0.347222	0.166897	0.267273	1.0	0.345714	0.297551	0.375556	0.225625	0.166667	0.251905	0.177778	0.259412	0.280976	0.232105	0.127368	0.150943	0.176	0.2205	0.175152	0.205116	0.197551	0.386866	0.214074	0.249231	0.33907	0.409697	0.276571	0.142222	0.186452	0.1	0.4225	0.116552	0.153846	0.14459	0.216216	0.267273	0.330625	0.173077	0.231429	0.3025	0.115238	0.155172	0.186667	0.242424	0.223448	0.099412	0.315789	0.08	0.182857	0.242	0.312258	0.166667	0.096333	0.140833	0.134444	0.075385	0.09	0.115714	0.111111	0.111111	0.11	0.186452	0.24381	0.365405	0.206316	0.251304	0.412857	0.384	0.248966	0.201613	0.365714	0.118361	0.213333	0.192308	0.164068	0.178571	0.154737	0.403333	0.145455	0.246047	0.177895	0.2116	0.131273	0.186667	0.268889	0.112553	0.245098	0.169899	0.136364	0.265098	0.18766	0.1805	0.162	0.1805	0.235102	0.226154	0.2304	0.242	0.075294	0.18	0.12	0.2048	0.232903	0.223448	0.347222	0.180625	0.248966	0.304138	0.231429	0.15	0.245455	0.27597	0.25165	0.072072	0.230588	0.2048	0.245	0.3364	0.261622	0.326667	0.36	0.377857	0.364828	0.245	0.172857	0.1805	0.07377	0.245	0.087273	0.013514	0.169615	0.397647	0.280333	0.2312	0.228571	0.18766	0.147273	0.222222	0.300444	0.034019	0.24025	0.235294	0.170667	0.227813	0.148205	0.166957	0.137619	0.155152	0.099412	0.242	0.156522	0.375517	0.182642	0.231429	0.220417	0.2048	0.285882	0.180625	0.112806	0.300313	0.163265	0.088947	0.196923	0.259241	0.088235	0.091268	0.166897	0.18	0.186154	0.16	0.418846	0.236098	0.225116	0.172941	0.200238	0.265091	0.078605	0.371613	0.35129	0.15125	0.280333	0.14	0.35129	0.169	0.129032	0.117895	0.251905	0.206869	0.144	0.26	0.205128	0.236901	0.216216	0.245106	0.091746	0.142222	0.222308	0.370286	0.23	0.085952	0.240667	0.230588	0.212248	0.145161	0.222609	
D00252	0.160714	0.206429	0.439369	0.1023	0.200893	0.286706	0.222291	0.212121	0.345714	1.0	0.291545	0.480159	0.492188	0.223545	0.27551	0.203175	0.340336	0.460801	0.339286	0.152256	0.172507	0.21039	0.472321	0.212121	0.299834	0.210641	0.257996	0.160053	0.309066	0.519103	0.350649	0.229592	0.12004	0.259217	0.144643	0.642857	0.099754	0.175824	0.149883	0.278958	0.277056	0.402902	0.309066	0.215561	0.492188	0.137755	0.123153	0.491497	0.477273	0.315271	0.205882	0.22619	0.051429	0.183673	0.357143	0.839862	0.297619	0.048214	0.380952	0.126984	0.043956	0.049603	0.040816	0.049603	0.049603	0.025974	0.332949	0.244898	0.278958	0.270677	0.304348	0.28125	0.344048	0.277094	0.230415	0.28125	0.114754	0.120536	0.21978	0.174939	0.269898	0.160401	0.169312	0.166234	0.240033	0.18797	0.257857	0.146104	0.205782	0.4375	0.1231	0.226891	0.159091	0.1829	0.226891	0.335106	0.175	0.175	0.200893	0.210641	0.234432	0.345714	0.289286	0.102941	0.365714	0.072917	0.241429	0.1947	0.208128	0.253968	0.160714	0.277094	0.208128	0.215561	0.144048	0.124675	0.153518	0.138696	0.046332	0.254202	0.172857	0.223214	0.206429	0.217181	0.21503	0.590402	0.674745	0.651478	0.321429	0.163265	0.200893	0.058548	0.253968	0.155844	0.024131	0.154533	0.555672	0.342857	0.28	0.368367	0.194529	0.116883	0.223214	0.286508	0.022508	0.178571	0.236345	0.171429	0.270089	0.154762	0.250518	0.166667	0.130952	0.127101	0.228571	0.164286	0.157635	0.194744	0.28699	0.328125	0.321429	0.280112	0.135045	0.113309	0.223214	0.123178	0.046053	0.137363	0.305606	0.084734	0.060865	0.157635	0.142857	0.147741	0.231429	0.175824	0.348432	0.186877	0.280112	0.224915	0.343506	0.067276	0.294931	0.254032	0.142857	0.192857	0.127551	0.331797	0.216071	0.112903	0.118421	0.143707	0.159091	0.178571	0.24794	0.264652	0.266097	0.217181	0.219605	0.056689	0.099206	0.309066	0.293878	0.342391	0.095663	0.20119	0.302521	0.159468	0.115207	0.349379	
D00274	0.137188	0.275918	0.615093	0.13836	0.246939	0.274376	0.219916	0.178726	0.297551	0.291545	1.0	0.354308	0.464923	0.365835	0.303693	0.283447	0.37515	0.509706	0.236842	0.210526	0.221794	0.270501	0.4	0.223253	0.456099	0.281549	0.29272	0.218443	0.415228	0.34599	0.418058	0.188921	0.204649	0.318631	0.2	0.398597	0.11893	0.265306	0.243894	0.220629	0.356215	0.398597	0.346154	0.492711	0.255102	0.218659	0.254046	0.314869	0.29932	0.228008	0.194478	0.322234	0.137959	0.236152	0.293878	0.379197	0.302343	0.15	0.217687	0.255102	0.127159	0.137188	0.176385	0.137188	0.137188	0.181818	0.263331	0.248785	0.266961	0.387755	0.391304	0.306487	0.3	0.439831	0.296248	0.285714	0.161927	0.217687	0.228885	0.216188	0.280175	0.26101	0.317838	0.250835	0.273374	0.241676	0.392245	0.213729	0.248785	0.444444	0.146765	0.313725	0.28221	0.327149	0.211685	0.2297	0.204082	0.293878	0.225	0.220325	0.327054	0.275918	0.344898	0.145258	0.36	0.217687	0.36	0.632653	0.439831	0.274376	0.28125	0.372273	0.281492	0.455539	0.272109	0.169326	0.231648	0.178324	0.105902	0.202881	0.20898	0.299887	0.255102	0.178709	0.244898	0.337372	0.35277	0.340605	0.354308	0.192784	0.225	0.120776	0.299887	0.200371	0.044677	0.22606	0.290516	0.179932	0.36	0.282216	0.156752	0.198103	0.354308	0.306576	0.067196	0.172449	0.37515	0.245578	0.215561	0.188906	0.184857	0.157434	0.272727	0.194478	0.246939	0.159716	0.295918	0.186369	0.385569	0.224915	0.294694	0.960784	0.28125	0.123477	0.215561	0.150354	0.120838	0.200942	0.232498	0.144458	0.165565	0.140746	0.141845	0.146695	0.197551	0.330063	0.28671	0.22971	0.230492	0.280855	0.312059	0.153773	0.318631	0.450625	0.232462	0.247959	0.26312	0.276827	0.2	0.174128	0.129047	0.140428	0.22449	0.2	0.22606	0.301413	0.313021	0.344732	0.2297	0.142857	0.25	0.313972	0.280175	0.234694	0.128523	0.329252	0.270108	0.240626	0.263331	0.320319	
D00283	0.075617	0.200556	0.436693	0.079567	0.117361	0.278549	0.191571	0.142256	0.375556	0.480159	0.354308	1.0	0.382813	0.297325	0.291667	0.2	0.294935	0.493902	0.263889	0.146199	0.134172	0.163636	0.367361	0.164983	0.258398	0.204649	0.325041	0.201646	0.385684	0.581395	0.371212	0.155556	0.093364	0.229391	0.2	0.632813	0.077586	0.15438	0.147541	0.192192	0.303872	0.347222	0.308761	0.321429	0.420139	0.190476	0.215517	0.259259	0.3367	0.345785	0.160131	0.280702	0.09	0.142857	0.336111	0.433692	0.263374	0.078241	0.260417	0.186728	0.104701	0.075617	0.126984	0.075617	0.075617	0.080808	0.258961	0.223545	0.271021	0.28655	0.391304	0.335317	0.448148	0.310345	0.179211	0.285714	0.116576	0.166667	0.138462	0.136064	0.228571	0.140838	0.248971	0.163636	0.258398	0.210526	0.222222	0.129293	0.259259	0.340278	0.130319	0.217865	0.175365	0.189394	0.157407	0.213357	0.136111	0.277778	0.136111	0.299887	0.257123	0.268889	0.250694	0.132353	0.321111	0.166667	0.36	0.358423	0.27682	0.278549	0.146701	0.383142	0.187739	0.286706	0.133333	0.141582	0.174337	0.168554	0.056306	0.276144	0.16	0.340278	0.32	0.147147	0.333333	0.542535	0.524802	0.551724	0.278549	0.21875	0.225	0.089253	0.222994	0.164983	0.012012	0.213675	0.552288	0.289352	0.36	0.384127	0.115839	0.081089	0.308642	0.385802	0.035727	0.2	0.326797	0.133333	0.25	0.102564	0.212963	0.12963	0.121212	0.081699	0.250694	0.13913	0.253352	0.277254	0.358135	0.208912	0.284444	0.340414	0.105035	0.079936	0.25	0.111111	0.073099	0.180556	0.360056	0.106754	0.113067	0.09387	0.121442	0.125594	0.142222	0.258547	0.423442	0.209302	0.157407	0.20668	0.424747	0.078165	0.395161	0.326613	0.173611	0.266667	0.223214	0.326613	0.272222	0.12948	0.083542	0.111772	0.161616	0.168056	0.235577	0.182336	0.225352	0.3003	0.312648	0.074515	0.173611	0.273504	0.248016	0.217995	0.107143	0.408333	0.320261	0.193798	0.201613	0.309179	
D00293	0.085069	0.25	0.418605	0.119174	0.225781	0.250868	0.260776	0.273674	0.225625	0.492188	0.464923	0.382813	1.0	0.417824	0.21503	0.225	0.367647	0.780488	0.237664	0.133224	0.235849	0.327273	0.8	0.213068	0.384448	0.206633	0.20569	0.334491	0.347356	0.351744	0.341856	0.228571	0.250868	0.291331	0.225	0.390625	0.182112	0.194712	0.165984	0.216216	0.378788	0.316406	0.530048	0.361607	0.316406	0.251488	0.182112	0.43006	0.341856	0.275862	0.206801	0.315789	0.10125	0.251116	0.282031	0.533266	0.375	0.075	0.292969	0.25	0.086538	0.085069	0.080357	0.085069	0.085069	0.051136	0.291331	0.291667	0.244088	0.322368	0.392663	0.321429	0.301042	0.431034	0.201613	0.201451	0.131148	0.1875	0.232692	0.17161	0.236161	0.177632	0.231481	0.184091	0.235465	0.277961	0.330625	0.164205	0.291667	0.382813	0.107713	0.270221	0.181818	0.213068	0.198529	0.293218	0.175781	0.282031	0.175781	0.23023	0.320513	0.2025	0.344531	0.090074	0.55125	0.130208	0.45125	0.326613	0.349138	0.313368	0.219727	0.349138	0.242457	0.361607	0.234375	0.138068	0.145756	0.146845	0.05518	0.264706	0.245	0.28125	0.16	0.216216	0.166667	0.390625	0.446429	0.431034	0.347222	0.125558	0.175781	0.086578	0.28125	0.242424	0.030405	0.216947	0.297794	0.275521	0.36125	0.432143	0.170213	0.152778	0.28125	0.30625	0.036274	0.126563	0.297794	0.234375	0.236328	0.231571	0.199728	0.145833	0.185606	0.235294	0.225781	0.169837	0.215517	0.212854	0.322545	0.287109	0.32	0.446691	0.219727	0.108813	0.125	0.163265	0.066612	0.158954	0.247231	0.103554	0.112676	0.174569	0.136622	0.141293	0.225625	0.240385	0.368902	0.320494	0.198529	0.232515	0.250568	0.087936	0.363911	0.31502	0.195313	0.16875	0.188616	0.243952	0.30625	0.145665	0.113722	0.145833	0.181818	0.126563	0.216947	0.353365	0.370158	0.273649	0.240027	0.097222	0.146701	0.347356	0.161161	0.299592	0.120536	0.3375	0.360294	0.189922	0.170363	0.347826	
D00294	0.100823	0.106667	0.248923	0.075957	0.408333	0.173868	0.255428	0.161616	0.166667	0.223545	0.365835	0.297325	0.417824	1.0	0.14903	0.266667	0.213508	0.361337	0.164717	0.235867	0.338225	0.325926	0.37037	0.252525	0.344531	0.244898	0.159757	0.165981	0.205128	0.2205	0.252525	0.152381	0.371399	0.268817	0.15	0.166667	0.183908	0.257123	0.219186	0.169169	0.135802	0.296296	0.205128	0.190476	0.260417	0.253968	0.287356	0.176367	0.161616	0.127714	0.245098	0.166342	0.12	0.338624	0.208333	0.305854	0.137174	0.138889	0.186728	0.248971	0.139601	0.131687	0.169312	0.166667	0.131687	0.107744	0.144564	0.253968	0.169169	0.280702	0.194847	0.191138	0.149383	0.250319	0.373357	0.214286	0.087432	0.154321	0.145869	0.20339	0.233333	0.234568	0.175583	0.243098	0.145564	0.329435	0.267407	0.218182	0.176367	0.201646	0.088652	0.262164	0.164983	0.161616	0.209877	0.227738	0.208333	0.448148	0.208333	0.108844	0.11491	0.214074	0.208333	0.139434	0.213333	0.125	0.179259	0.201912	0.183908	0.201646	0.296296	0.183908	0.154534	0.190476	0.316049	0.108642	0.121891	0.116505	0.05639	0.313725	0.213333	0.124486	0.214074	0.144144	0.197531	0.166667	0.190476	0.183908	0.201646	0.169312	0.208333	0.102611	0.173868	0.189675	0.064064	0.182336	0.184096	0.22284	0.179259	0.42328	0.177305	0.135054	0.148148	0.161317	0.038585	0.133796	0.156863	0.316049	0.148148	0.34283	0.120773	0.198413	0.219978	0.352941	0.3	0.128824	0.184547	0.100629	0.190476	0.25	0.179259	0.351489	0.260417	0.059952	0.167245	0.108844	0.062378	0.10292	0.120019	0.087872	0.133542	0.12516	0.099174	0.102564	0.24	0.182336	0.231256	0.124031	0.235294	0.213404	0.218182	0.124031	0.172043	0.193548	0.148148	0.2	0.297619	0.17264	0.15	0.100956	0.062657	0.088183	0.135054	0.16713	0.12037	0.213675	0.252478	0.144144	0.113475	0.132275	0.231481	0.172365	0.13545	0.26087	0.08642	0.123457	0.217865	0.165375	0.23417	0.194847	
D00303	0.107143	0.251905	0.434109	0.103309	0.238095	0.238757	0.164204	0.162338	0.251905	0.27551	0.303693	0.291667	0.21503	0.14903	1.0	0.357672	0.370448	0.334495	0.22619	0.211779	0.21743	0.229004	0.2625	0.162338	0.244186	0.354227	0.204691	0.198413	0.443223	0.346069	0.349206	0.153061	0.14881	0.30722	0.20119	0.360119	0.138752	0.309524	0.284543	0.232304	0.2886	0.21503	0.330586	0.375	0.360119	0.222222	0.237274	0.327664	0.450938	0.362069	0.226891	0.40142	0.186667	0.143707	0.535714	0.277266	0.388889	0.192063	0.223214	0.190476	0.117216	0.160053	0.137755	0.132275	0.132275	0.155844	0.30722	0.290249	0.232304	0.320802	0.414079	0.265731	0.419841	0.362069	0.240015	0.309949	0.126464	0.253968	0.267033	0.177966	0.266667	0.304511	0.253968	0.292641	0.566999	0.180451	0.251905	0.229004	0.290249	0.41336	0.158308	0.268908	0.21645	0.184704	0.225957	0.316616	0.192857	0.172024	0.152381	0.214286	0.2442	0.190476	0.2625	0.169468	0.34381	0.194444	0.34381	0.371736	0.362069	0.26455	0.241071	0.362069	0.16092	0.375	0.31746	0.147763	0.217662	0.208044	0.103818	0.169468	0.115238	0.26455	0.297619	0.144788	0.31002	0.297619	0.27551	0.26601	0.349868	0.265731	0.402381	0.126464	0.291667	0.208514	0.023166	0.333791	0.338936	0.289286	0.380952	0.220408	0.129686	0.175325	0.320106	0.385714	0.064385	0.267857	0.338936	0.134127	0.120536	0.137363	0.215666	0.145125	0.2886	0.137255	0.314881	0.150932	0.236453	0.21743	0.411565	0.240079	0.34381	0.291783	0.268601	0.107057	0.271205	0.109329	0.160401	0.192537	0.203737	0.105042	0.193159	0.08046	0.122983	0.127188	0.251905	0.263736	0.232288	0.14175	0.205882	0.272392	0.38961	0.179402	0.406298	0.369048	0.291667	0.311111	0.245748	0.259601	0.233333	0.221198	0.103115	0.095805	0.202261	0.250298	0.309524	0.269231	0.322267	0.311454	0.223404	0.109221	0.26455	0.330586	0.266667	0.250518	0.177154	0.286508	0.358543	0.226098	0.248848	0.373706	
D00319	0.177778	0.300444	0.273385	0.108851	0.245	0.178395	0.202682	0.09697	0.177778	0.203175	0.283447	0.2	0.225	0.266667	0.357672	1.0	0.261438	0.262331	0.257895	0.197661	0.241509	0.273131	0.245	0.218182	0.297674	0.725624	0.241791	0.23786	0.276923	0.405168	0.26936	0.091429	0.158025	0.286738	0.321111	0.250694	0.110345	0.683761	0.642623	0.216817	0.218182	0.250694	0.308547	0.286508	0.200694	0.270899	0.306513	0.342857	0.26936	0.248276	0.31634	0.243665	0.150222	0.178571	0.245	0.232258	0.362963	0.148148	0.208333	0.241975	0.138462	0.177778	0.228571	0.149383	0.149383	0.19798	0.316129	0.270899	0.173574	0.338012	0.348792	0.192063	0.24	0.306513	0.301434	0.33373	0.192714	0.267593	0.603077	0.182298	0.533651	0.623782	0.3	0.712727	0.273385	0.22924	0.196	0.316768	0.238095	0.298765	0.185343	0.272331	0.244444	0.218182	0.25098	0.344681	0.200556	0.245	0.200556	0.219501	0.22792	0.256	0.32	0.256209	0.355556	0.208333	0.320889	0.346953	0.306513	0.326543	0.250694	0.248276	0.196169	0.286508	0.326667	0.146667	0.214925	0.169148	0.135335	0.15817	0.107556	0.272222	0.235111	0.086486	0.204167	0.200694	0.155556	0.172414	0.246914	0.228571	0.268889	0.145719	0.178395	0.26936	0.048649	0.384615	0.235948	0.213333	0.320889	0.229206	0.170686	0.229854	0.246914	0.239012	0.087531	0.266944	0.261438	0.18963	0.1125	0.145869	0.217713	0.171429	0.26936	0.147059	0.268889	0.1857	0.27931	0.167715	0.257143	0.244907	0.256889	0.294553	0.277778	0.12534	0.292014	0.1161	0.149708	0.155769	0.205063	0.174292	0.245383	0.110728	0.143985	0.148908	0.177778	0.311538	0.17561	0.167442	0.192157	0.254233	0.294545	0.250129	0.232258	0.26129	0.6125	0.311481	0.31746	0.26129	0.217778	0.26129	0.130994	0.103704	0.188777	0.266944	0.267094	0.184615	0.211581	0.216817	0.228842	0.170723	0.298765	0.452137	0.285714	0.255556	0.222487	0.358519	0.334641	0.187597	0.286738	0.279227	
D00326	0.080065	0.190588	0.427497	0.084247	0.324265	0.264706	0.223631	0.174688	0.259412	0.340336	0.37515	0.294935	0.367647	0.213508	0.370448	0.261438	1.0	0.379484	0.279412	0.154799	0.244728	0.258824	0.294118	0.228164	0.301642	0.240096	0.232221	0.314815	0.366516	0.273598	0.393048	0.189076	0.264706	0.342505	0.211765	0.331801	0.146045	0.204186	0.212633	0.257552	0.257576	0.297794	0.326923	0.303571	0.235294	0.201681	0.198783	0.358543	0.431373	0.259635	0.221453	0.404541	0.095294	0.177521	0.355882	0.379507	0.352941	0.096078	0.240196	0.163399	0.144796	0.235294	0.210084	0.276144	0.276144	0.262032	0.418406	0.315126	0.286963	0.348297	0.369565	0.277836	0.47451	0.293103	0.209203	0.231618	0.094503	0.148284	0.260633	0.199402	0.329412	0.206398	0.263617	0.213904	0.331053	0.303406	0.311176	0.282888	0.315126	0.510621	0.125156	0.33218	0.249851	0.174688	0.230681	0.331039	0.294118	0.2125	0.238235	0.240096	0.217949	0.190588	0.388971	0.110727	0.34	0.122549	0.264706	0.3074	0.293103	0.43219	0.367647	0.3286	0.259635	0.303571	0.353922	0.111408	0.160009	0.151057	0.051934	0.249135	0.424706	0.264706	0.311176	0.178855	0.324142	0.331801	0.379202	0.366126	0.944444	0.277836	0.238235	0.069431	0.395425	0.174688	0.019873	0.226244	0.312284	0.176961	0.34	0.242857	0.180851	0.143791	0.264706	0.408497	0.03414	0.211765	0.280277	0.165686	0.202665	0.244344	0.245524	0.157563	0.321747	0.25	0.265441	0.200512	0.245436	0.200333	0.340336	0.221201	0.301176	0.360438	0.331801	0.076386	0.264706	0.135054	0.077399	0.162896	0.196947	0.069781	0.106048	0.129817	0.107195	0.11086	0.212353	0.273756	0.347202	0.246922	0.230681	0.27451	0.334225	0.098495	0.459203	0.345825	0.202665	0.196078	0.177521	0.273245	0.248529	0.171252	0.079832	0.118347	0.200832	0.211765	0.273756	0.398944	0.324772	0.257552	0.250313	0.105042	0.183824	0.289593	0.168067	0.230818	0.140056	0.283333	0.389273	0.191746	0.185958	0.327366	
D00329	0.109756	0.258049	0.510493	0.093014	0.243902	0.219512	0.24222	0.213599	0.280976	0.460801	0.509706	0.493902	0.780488	0.361337	0.334495	0.262331	0.379484	1.0	0.231707	0.184852	0.222734	0.255432	0.746951	0.213599	0.326716	0.240916	0.246087	0.261066	0.413696	0.444697	0.357724	0.178397	0.195799	0.314713	0.206098	0.55564	0.142136	0.227017	0.211515	0.23797	0.357724	0.275152	0.496248	0.460801	0.336128	0.261324	0.272498	0.335656	0.390983	0.303616	0.183644	0.359863	0.164878	0.195993	0.35122	0.491739	0.361337	0.104065	0.228659	0.265583	0.120075	0.109756	0.141115	0.163957	0.135501	0.134146	0.284028	0.376307	0.213579	0.288832	0.382821	0.341463	0.358537	0.407065	0.265932	0.250871	0.144342	0.171748	0.216135	0.182307	0.293031	0.207103	0.260163	0.214634	0.326716	0.288832	0.329756	0.214634	0.261324	0.457995	0.162169	0.275466	0.236758	0.166297	0.210904	0.27452	0.197561	0.295122	0.17622	0.240916	0.302689	0.215122	0.322561	0.143472	0.472195	0.199187	0.390244	0.416208	0.407065	0.327913	0.246951	0.336417	0.272498	0.421603	0.263415	0.124316	0.186385	0.147999	0.079323	0.2066	0.19122	0.358401	0.215122	0.168754	0.224085	0.476372	0.501742	0.484441	0.358401	0.192073	0.243902	0.115554	0.24458	0.213599	0.023731	0.248124	0.484935	0.215041	0.352195	0.337282	0.168137	0.119241	0.29878	0.338753	0.049016	0.147561	0.316356	0.182927	0.201601	0.180738	0.220926	0.188153	0.213599	0.183644	0.268902	0.203818	0.24222	0.222734	0.384146	0.292683	0.316098	0.489718	0.220274	0.10107	0.184451	0.143853	0.125802	0.197233	0.277864	0.122429	0.151494	0.136249	0.136263	0.140921	0.215122	0.270169	0.371802	0.250142	0.191296	0.297329	0.372949	0.127623	0.416208	0.402832	0.219512	0.234146	0.28223	0.245869	0.239024	0.208104	0.10563	0.113821	0.179601	0.17561	0.270169	0.275797	0.420818	0.290705	0.251168	0.13976	0.219512	0.375235	0.21777	0.305408	0.167247	0.430081	0.367288	0.205899	0.254917	0.343584	
D00331	0.118421	0.19	0.26989	0.087422	0.2375	0.164474	0.181488	0.1563	0.232105	0.339286	0.236842	0.263889	0.237664	0.164717	0.22619	0.257895	0.279412	0.231707	1.0	0.199446	0.218967	0.211005	0.263158	0.539075	0.156671	0.214823	0.265515	0.281676	0.327935	0.244798	0.204147	0.147368	0.211257	0.374363	0.222368	0.237664	0.153358	0.202429	0.172563	0.376245	0.204147	0.210526	0.259109	0.304511	0.13898	0.180451	0.177858	0.406015	0.287879	0.232305	0.341331	0.265928	0.105263	0.211466	0.263158	0.374363	0.389864	0.112281	0.438596	0.146199	0.09919	0.146199	0.120301	0.118421	0.118421	0.09689	0.306452	0.245614	0.160028	0.354571	0.292906	0.169643	0.197368	0.294011	0.224533	0.24859	0.172563	0.109649	0.364372	0.114184	0.27406	0.184672	0.235867	0.191388	0.156671	0.234072	0.170526	0.191388	0.245614	0.353801	0.148096	0.322497	0.255449	0.287879	0.376161	0.378499	0.411184	0.190132	0.515789	0.214823	0.218623	0.19	0.318421	0.099071	0.304211	0.088816	0.236842	0.339559	0.327586	0.322368	0.161184	0.232305	0.177858	0.304511	0.17193	0.18437	0.188727	0.135156	0.068516	0.22291	0.206316	0.143275	0.088947	0.139403	0.092654	0.237664	0.184211	0.204174	0.263889	0.120301	0.213158	0.062123	0.211257	0.230463	0.071124	0.163968	0.223684	0.212281	0.269474	0.192481	0.503919	0.140617	0.187135	0.189474	0.052885	0.174013	0.198142	0.224561	0.148438	0.24359	0.238368	0.181078	0.1563	0.223684	0.190132	0.179405	0.219601	0.160874	0.304511	0.241776	0.304211	0.227554	0.161184	0.138016	0.164474	0.120838	0.083795	0.133856	0.146902	0.132095	0.133803	0.131125	0.195737	0.202429	0.254737	0.244939	0.185494	0.156671	0.227554	0.211779	0.231579	0.137699	0.143463	0.169779	0.236842	0.175439	0.184211	0.332767	0.131579	0.224533	0.155125	0.10589	0.239234	0.174013	0.223178	0.24359	0.231653	0.182077	0.223964	0.093985	0.187135	0.227733	0.165789	0.252288	0.180451	0.17193	0.26161	0.222154	0.166384	0.330664	
D00332	0.292398	0.151579	0.176255	0.128457	0.336842	0.093567	0.153358	0.129187	0.127368	0.152256	0.210526	0.146199	0.133224	0.235867	0.211779	0.197661	0.154799	0.184852	0.199446	1.0	0.286991	0.276555	0.131579	0.192982	0.148103	0.210526	0.153967	0.095517	0.244939	0.206854	0.102073	0.181955	0.328947	0.244482	0.378947	0.199013	0.306715	0.198381	0.22088	0.240398	0.15949	0.105263	0.291498	0.18797	0.080592	0.423559	0.355717	0.250627	0.129187	0.181488	0.125387	0.207756	0.170526	0.227444	0.131579	0.169779	0.280702	0.284211	0.177632	0.421053	0.101215	0.143275	0.135338	0.143275	0.143275	0.15311	0.169779	0.203008	0.091038	0.177285	0.228833	0.113722	0.112281	0.306715	0.275042	0.240602	0.22088	0.315789	0.158704	0.174844	0.243609	0.266851	0.191033	0.18756	0.206854	0.277008	0.206316	0.276555	0.122807	0.247076	0.161814	0.26419	0.172249	0.129187	0.148607	0.135498	0.159211	0.131579	0.189474	0.181525	0.134953	0.085263	0.159211	0.309598	0.254737	0.177632	0.210526	0.169779	0.181488	0.328947	0.370066	0.219601	0.261343	0.18797	0.296491	0.092185	0.113511	0.114972	0.137032	0.049536	0.134737	0.247076	0.151579	0.172119	0.157895	0.164474	0.092105	0.147005	0.146199	0.076128	0.189474	0.249353	0.118421	0.408293	0.051209	0.171053	0.154799	0.148246	0.210526	0.181955	0.286674	0.119617	0.176901	0.14152	0.061093	0.168421	0.187307	0.212281	0.099507	0.303644	0.128909	0.125313	0.3126	0.303406	0.131579	0.148284	0.177858	0.142999	0.227444	0.246711	0.210526	0.20227	0.322368	0.085195	0.185033	0.129968	0.138504	0.09919	0.13058	0.232198	0.240178	0.153358	0.111353	0.11516	0.151579	0.198381	0.103979	0.122399	0.148607	0.160401	0.115789	0.206854	0.137521	0.122241	0.210526	0.224561	0.368421	0.166384	0.128947	0.245331	0.089038	0.125313	0.153642	0.168421	0.198381	0.264507	0.125278	0.172119	0.18925	0.213868	0.328947	0.291498	0.147368	0.257437	0.181078	0.252632	0.198142	0.132191	0.286927	0.228833	
