data	D00035	D00110	D00136	D00195	D00219	D00225	D00227	D00228	D00234	D00252	D00274	D00283	D00293	D00294	D00303	D00319	D00326	D00329	D00331	D00332	D00335	D00336	D00338	D00340	D00345	D00349	D00351	D00354	D00358	D00364	D00367	D00373	D00379	D00380	D00392	D00394	D00418	D00437	D00438	D00451	D00456	D00464	D00474	D00477	D00480	D00495	D00499	D00504	D00512	D00513	D00519	D00521	D00524	D00528	D00530	D00533	D00536	D00537	D00538	D00539	D00542	D00543	D00544	D00545	D00546	D00547	D00548	D00549	D00550	D00552	D00553	D00560	D00563	D00574	D00593	D00594	D00607	D00611	D00615	D00616	D00617	D00618	D00619	D00629	D00631	D00633	D00636	D00638	D00639	D00640	D00642	D00647	D00648	D00649	D00650	D00651	D00654	D00656	D00658	D00677	D00678	D00694	D00697	D00704	D00708	D00709	D00711	D00726	D00732	D00733	D00735	D00738	D00739	D00740	D00741	D00759	D00760	D00761	D00765	D00771	D00775	D00779	D00791	D00798	D00799	D00809	D00812	D00816	D00823	D00831	D00960	D00963	D00964	D01071	D01108	D01111	D01118	D01242	D01243	D01253	D01256	D01275	D01287	D01295	D01350	D01448	D01450	D01453	D01575	D01599	D01603	D01712	D01768	D01799	D01828	D01854	D01969	D02041	D02086	D02087	D02088	D02092	D02098	D02101	D02163	D02173	D02204	D02207	D02234	D02237	D02253	D02261	D02262	D02272	D02347	D02356	D02360	D02362	D02409	D02461	D02485	D02546	D02566	D02630	D02914	D03037	D03180	D03274	D03365	D03450	D03580	D03742	D03826	D03830	D03878	D03991	D04034	D04048	D04370	D04790	D04985	D04999	D05024	D05077	D05156	D05453	D05458	D05461	D06106	D06172	
D00035	1.0	0.482639	0.392857	0.405515	0.31342	0.315476	0.387879	0.430556	0.253401	0.431818	0.315972	0.331129	0.383838	0.353175	0.359307	0.360728	0.339394	0.309524	0.287546	0.597884	0.248115	0.262013	0.338889	0.275	0.307407	0.274969	0.469813	0.152778	0.460256	0.371528	0.414141	0.260073	0.330536	0.388705	0.541751	0.282051	0.320513	0.312004	0.291667	0.510956	0.333333	0.431818	0.457576	0.409091	0.25641	0.533333	0.443519	0.475	0.408333	0.54798	0.269444	0.317632	0.364802	0.318056	0.314286	0.431818	0.45	0.410817	0.333333	0.574074	0.107143	0.181667	0.191667	0.181667	0.181667	0.188889	0.527778	0.307576	0.294444	0.541667	0.483333	0.475458	0.256313	0.433333	0.242846	0.621212	0.203175	0.284091	0.219058	0.435897	0.249888	0.300804	0.237179	0.305964	0.2959	0.385281	0.330357	0.279101	0.393939	0.440693	0.289678	0.292857	0.159547	0.314286	0.254762	0.270833	0.26337	0.300198	0.285317	0.46131	0.317949	0.314815	0.317316	0.287879	0.466667	0.676923	0.469697	0.466923	0.454545	0.399306	0.447415	0.398268	0.36875	0.454545	0.443723	0.217091	0.197107	0.253551	0.260709	0.205128	0.25	0.393939	0.215556	0.241497	0.174286	0.397436	0.214646	0.319444	0.311111	0.312393	0.205128	0.364103	0.201389	0.391285	0.15293	0.547475	0.24359	0.440476	0.439394	0.429293	0.27712	0.255838	0.521242	0.303263	0.10654	0.168381	0.417112	0.278205	0.176348	0.298413	0.249267	0.315972	0.417424	0.351515	0.334921	0.185042	0.225885	0.465306	0.418415	0.285714	0.439394	0.284341	0.421212	0.193466	0.199027	0.461667	0.158069	0.229467	0.280676	0.250505	0.226536	0.430556	0.223743	0.232991	0.255556	0.256944	0.486111	0.497436	0.232639	0.305859	0.269608	0.558009	0.286325	0.266667	0.202442	0.232639	0.448148	0.282051	0.388889	0.240334	0.202034	0.458683	0.273488	0.33427	0.360577	0.409091	0.296337	0.552083	0.496795	0.360317	0.372632	0.510256	0.423512	0.307692	0.340598	0.253788	0.355556	0.119604	0.40549	0.483333	
D00110	0.482639	1.0	0.511538	0.616479	0.460256	0.344127	0.565216	0.386538	0.307556	0.41627	0.50641	0.408824	0.505556	0.469822	0.389097	0.524155	0.349908	0.497436	0.424359	0.391667	0.384524	0.399145	0.478114	0.450549	0.46978	0.517857	0.657483	0.247619	0.436842	0.541478	0.45	0.314286	0.450492	0.427192	0.435808	0.359064	0.328333	0.464626	0.439784	0.530012	0.373102	0.463492	0.486601	0.38547	0.292262	0.441799	0.403968	0.435714	0.435714	0.515105	0.443223	0.359444	0.281618	0.425241	0.392143	0.463492	0.496528	0.68669	0.414872	0.409259	0.100592	0.12967	0.140659	0.12967	0.12967	0.129487	0.504487	0.314379	0.320833	0.435714	0.414815	0.497891	0.336802	0.509259	0.417407	0.660791	0.333004	0.358974	0.341429	0.688265	0.370903	0.451293	0.389011	0.456758	0.365886	0.341617	0.445556	0.429834	0.345513	0.453114	0.552152	0.392308	0.266278	0.344427	0.368571	0.455128	0.414835	0.456044	0.446746	0.684982	0.379105	0.4375	0.481345	0.188889	0.479861	0.553509	0.411111	0.433271	0.418803	0.497436	0.46845	0.417949	0.46337	0.418803	0.428205	0.41957	0.296413	0.42247	0.414282	0.249267	0.343761	0.542735	0.315179	0.293333	0.286905	0.38529	0.259427	0.34188	0.324915	0.527251	0.339796	0.561746	0.24966	0.417012	0.196078	0.821429	0.303175	0.458857	0.382906	0.488889	0.428348	0.477736	0.576143	0.334008	0.239517	0.296176	0.442809	0.408472	0.332176	0.531868	0.390699	0.435829	0.450549	0.433791	0.431587	0.419603	0.37494	0.733673	0.403239	0.452381	0.386538	0.462302	0.446886	0.428821	0.33716	0.719365	0.208592	0.383457	0.401213	0.318265	0.307008	0.608333	0.42577	0.478711	0.412185	0.418935	0.657639	0.682173	0.387601	0.608341	0.349275	0.653724	0.38529	0.386081	0.339008	0.346078	0.4	0.432937	0.425699	0.367766	0.442939	0.618323	0.566423	0.631489	0.579715	0.401465	0.388889	0.6	0.737673	0.660696	0.345165	0.497953	0.595013	0.484694	0.60588	0.353846	0.333333	0.249325	0.344641	0.41875	
D00136	0.392857	0.511538	1.0	0.364146	0.54	0.471764	0.461383	0.588095	0.547654	0.574074	0.896296	0.604233	0.687424	0.561364	0.614631	0.611063	0.641093	0.842593	0.524793	0.582011	0.462259	0.508052	0.789242	0.498889	0.641538	0.587328	0.446532	0.297619	0.595316	0.693986	0.687424	0.424242	0.529673	0.498889	0.52037	0.501401	0.304029	0.414646	0.385862	0.499145	0.563152	0.637566	0.596825	0.5125	0.38961	0.528704	0.491358	0.526455	0.598148	0.486508	0.492222	0.564734	0.30119	0.531046	0.578042	0.637566	0.533069	0.366638	0.4868	0.531085	0.179293	0.265432	0.287037	0.265432	0.260141	0.281339	0.395604	0.394444	0.552249	0.600529	0.568122	0.63859	0.455652	0.625	0.469304	0.506944	0.389287	0.431667	0.433484	0.496241	0.360398	0.398551	0.507576	0.404762	0.507381	0.42684	0.651923	0.544456	0.428571	0.637143	0.357633	0.517976	0.334216	0.383563	0.551515	0.6	0.567273	0.530909	0.517273	0.425789	0.524078	0.395147	0.728427	0.283009	0.587302	0.37605	0.554167	0.629267	0.5625	0.684048	0.609524	0.557143	0.536667	0.5625	0.575	0.218115	0.270495	0.249462	0.270953	0.30941	0.501834	0.717196	0.514133	0.388889	0.462963	0.560784	0.38	0.520833	0.576984	0.470288	0.458402	0.291379	0.330886	0.512522	0.103053	0.457809	0.404221	0.466851	0.51131	0.670228	0.494652	0.365585	0.417582	0.482451	0.157629	0.41528	0.57619	0.464587	0.316032	0.635556	0.30485	0.299185	0.545	0.506984	0.562393	0.326461	0.490363	0.469206	0.535784	0.516447	0.513095	0.797143	0.549737	0.301287	0.459271	0.412798	0.172336	0.222505	0.48381	0.345315	0.252542	0.416369	0.315083	0.297578	0.392002	0.558333	0.369048	0.523718	0.382572	0.356624	0.611355	0.326739	0.527451	0.680925	0.370581	0.444805	0.496621	0.546212	0.25404	0.407056	0.301908	0.346032	0.317857	0.427296	0.428615	0.598546	0.547471	0.44652	0.456203	0.392401	0.431594	0.686586	0.488333	0.563397	0.32171	0.39381	0.391127	0.37689	0.447937	0.570106	
D00195	0.405515	0.616479	0.364146	1.0	0.289636	0.351852	0.418908	0.426348	0.300212	0.341667	0.360188	0.295833	0.327083	0.330532	0.272589	0.334524	0.218916	0.309244	0.30754	0.324405	0.244013	0.246929	0.297347	0.320814	0.295518	0.350688	0.526574	0.146296	0.335417	0.342887	0.327083	0.344538	0.277871	0.29944	0.293155	0.279167	0.220684	0.293352	0.282027	0.369841	0.314278	0.3375	0.3125	0.383553	0.309112	0.297541	0.273771	0.316667	0.254167	0.387675	0.316893	0.233734	0.266917	0.296613	0.283591	0.3375	0.338848	0.590103	0.319838	0.296053	0.046218	0.070588	0.076471	0.070588	0.070588	0.072549	0.340484	0.222917	0.33183	0.358333	0.341886	0.34836	0.267013	0.306469	0.309617	0.445139	0.258123	0.341033	0.291694	0.526305	0.306485	0.28951	0.380719	0.293783	0.291667	0.35119	0.401288	0.357124	0.353431	0.419643	0.728082	0.24171	0.217818	0.284874	0.34537	0.288235	0.303968	0.328571	0.321849	0.540257	0.37058	0.364035	0.318797	0.15575	0.307598	0.366667	0.425219	0.335417	0.410636	0.387639	0.4375	0.391071	0.488354	0.410636	0.418155	0.422168	0.41365	0.56255	0.514897	0.240171	0.261943	0.403472	0.344949	0.403361	0.319841	0.445833	0.291667	0.379386	0.277739	0.453042	0.259259	0.606696	0.148148	0.249405	0.141944	0.536935	0.317853	0.360662	0.404386	0.333333	0.390196	0.753346	0.4875	0.227451	0.214228	0.325109	0.395833	0.366641	0.277778	0.340056	0.3226	0.361288	0.436271	0.265414	0.390212	0.357802	0.370682	0.631559	0.397917	0.465241	0.384681	0.412475	0.433306	0.559222	0.371551	0.835229	0.190643	0.512116	0.304762	0.241503	0.236692	0.737078	0.476229	0.520673	0.270862	0.321895	0.426646	0.480318	0.297199	0.56966	0.348039	0.55032	0.383333	0.255437	0.291595	0.36193	0.270806	0.351187	0.26847	0.310075	0.564937	0.707292	0.53077	0.515755	0.561376	0.379735	0.35819	0.480616	0.481433	0.470822	0.245895	0.3625	0.588659	0.406417	0.499489	0.320199	0.260417	0.196819	0.243137	0.322181	
D00219	0.31342	0.460256	0.54	0.289636	1.0	0.28373	0.495299	0.398095	0.358056	0.47037	0.576667	0.456085	0.546683	0.700457	0.595816	0.804113	0.481834	0.528333	0.663745	0.496429	0.795455	0.870581	0.533651	0.691358	0.755149	0.581267	0.385368	0.355	0.64473	0.535588	0.517053	0.433333	0.918044	0.88373	0.550893	0.427326	0.357143	0.590725	0.557763	0.545503	0.351422	0.526455	0.713095	0.543519	0.461905	0.560268	0.64623	0.633929	0.63125	0.352381	0.679012	0.514493	0.278205	0.429798	0.422487	0.526455	0.724702	0.388064	0.487379	0.514137	0.123737	0.198765	0.183333	0.198765	0.198765	0.223932	0.346032	0.452083	0.259707	0.558929	0.614137	0.346325	0.363922	0.744792	0.717569	0.479167	0.569645	0.298333	0.727697	0.560054	0.45895	0.573166	0.44697	0.579942	0.52672	0.437229	0.436111	0.614297	0.446561	0.573545	0.290649	0.841319	0.532596	0.481443	0.557576	0.706173	0.640606	0.726936	0.711785	0.358205	0.361033	0.396847	0.47328	0.224643	0.702381	0.410237	0.519444	0.670425	0.59537	0.518333	0.573545	0.596825	0.442381	0.59537	0.609259	0.28763	0.254522	0.217795	0.25341	0.211189	0.300534	0.509788	0.447466	0.393939	0.418519	0.367451	0.313333	0.3275	0.433651	0.309412	0.402991	0.239527	0.365	0.700397	0.213187	0.500722	0.477976	0.517698	0.545899	0.559117	0.69634	0.297842	0.435714	0.473094	0.196809	0.432967	0.610582	0.408041	0.27381	0.822575	0.466449	0.299893	0.619312	0.889683	0.428266	0.338961	0.428314	0.344127	0.573094	0.59067	0.547884	0.514141	0.624575	0.307904	0.469362	0.316369	0.211233	0.190337	0.51619	0.65662	0.355119	0.312798	0.410073	0.385951	0.394729	0.491667	0.266484	0.299915	0.345227	0.43481	0.365801	0.378125	0.360784	0.422832	0.531151	0.38072	0.652151	0.674167	0.27417	0.529603	0.386565	0.261587	0.411111	0.525684	0.367603	0.561348	0.618409	0.461508	0.383791	0.268	0.589602	0.655742	0.290709	0.649737	0.400544	0.437566	0.440018	0.319444	0.759921	0.616369	
D00225	0.315476	0.344127	0.471764	0.351852	0.28373	1.0	0.365152	0.621795	0.481818	0.508159	0.424145	0.532308	0.525475	0.447222	0.424988	0.324242	0.333868	0.421368	0.413187	0.409091	0.330159	0.270971	0.444979	0.388889	0.418193	0.445139	0.42405	0.491594	0.419284	0.50987	0.525475	0.52331	0.289899	0.341667	0.375758	0.480186	0.297222	0.228231	0.214286	0.420996	0.513333	0.538462	0.387879	0.375	0.417201	0.369697	0.296537	0.448485	0.414219	0.45338	0.383333	0.279308	0.195833	0.519708	0.639423	0.538462	0.407576	0.327083	0.487179	0.387879	0.145455	0.138889	0.15	0.138889	0.138889	0.119048	0.357091	0.278788	0.887774	0.509091	0.442424	0.443939	0.488	0.363636	0.303175	0.344846	0.21384	0.384416	0.244065	0.309753	0.200623	0.218861	0.335963	0.222222	0.274145	0.366667	0.404762	0.259615	0.3625	0.424145	0.37414	0.294516	0.192635	0.392593	0.456476	0.416209	0.369231	0.416667	0.4	0.355952	0.470556	0.338347	0.576329	0.2	0.395455	0.277056	0.377778	0.392011	0.388889	0.561622	0.388889	0.369444	0.39127	0.388889	0.380556	0.207114	0.273151	0.243776	0.208571	0.319444	0.420513	0.493939	0.39652	0.479701	0.42998	0.527442	0.356643	0.471795	0.308185	0.308698	0.490358	0.253804	0.451515	0.254545	0.098039	0.258651	0.404701	0.36212	0.405556	0.507293	0.406962	0.337104	0.288889	0.389738	0.094834	0.338049	0.361111	0.476399	0.325	0.369444	0.183557	0.325918	0.374603	0.306944	0.598748	0.209073	0.331195	0.378788	0.384343	0.48856	0.401389	0.391519	0.37735	0.265542	0.361001	0.393838	0.115556	0.21066	0.324102	0.170494	0.124524	0.461115	0.342059	0.323056	0.363988	0.36396	0.367125	0.293109	0.333274	0.279789	0.347009	0.226763	0.546853	0.336126	0.208107	0.472364	0.299534	0.339098	0.264845	0.232991	0.274314	0.333333	0.268304	0.275584	0.358933	0.379274	0.343823	0.290794	0.379683	0.214221	0.249253	0.437466	0.410795	0.529274	0.241749	0.320779	0.445714	0.249688	0.261111	0.437879	
D00227	0.387879	0.565216	0.461383	0.418908	0.495299	0.365152	1.0	0.39627	0.400962	0.475758	0.490041	0.470202	0.509091	0.458791	0.460384	0.490278	0.375758	0.469197	0.469955	0.322222	0.500452	0.454143	0.503963	0.474542	0.521456	0.531916	0.584837	0.334613	0.410913	0.561469	0.514646	0.317316	0.470879	0.471612	0.392857	0.424964	0.410513	0.496055	0.471733	0.623932	0.423965	0.520202	0.479167	0.455296	0.447552	0.386447	0.423903	0.423611	0.463853	0.564815	0.465995	0.336797	0.372698	0.472222	0.487879	0.520202	0.487464	0.391667	0.380819	0.354701	0.104396	0.158974	0.147985	0.158974	0.158974	0.160684	0.486394	0.306151	0.328889	0.373611	0.400534	0.54023	0.420106	0.488629	0.456838	0.61816	0.494477	0.352474	0.474592	0.681999	0.50938	0.483297	0.477522	0.488059	0.491631	0.381944	0.463912	0.482344	0.393813	0.497186	0.453513	0.480641	0.406446	0.502778	0.429091	0.524631	0.441667	0.488462	0.475641	0.660944	0.528727	0.59267	0.514608	0.170696	0.471591	0.450549	0.433868	0.428373	0.494185	0.511051	0.456944	0.473611	0.448308	0.494185	0.483929	0.414574	0.383828	0.371684	0.347448	0.244545	0.327758	0.410119	0.412828	0.364935	0.389495	0.463853	0.436869	0.436014	0.42704	0.582429	0.412898	0.348687	0.361738	0.460317	0.191667	0.504353	0.448628	0.719439	0.45609	0.547186	0.489399	0.446402	0.529487	0.345788	0.268464	0.39397	0.5125	0.543651	0.486984	0.517766	0.505857	0.576508	0.491958	0.474875	0.453144	0.496733	0.462315	0.593651	0.466468	0.498779	0.470797	0.532776	0.495635	0.440564	0.403243	0.490397	0.288889	0.312012	0.537115	0.450888	0.410794	0.556143	0.53631	0.504762	0.478431	0.42624	0.500618	0.48151	0.588783	0.547381	0.432867	0.506859	0.346121	0.395872	0.427614	0.434315	0.427579	0.579503	0.369075	0.42123	0.449136	0.376042	0.550866	0.623177	0.571699	0.488258	0.535108	0.578658	0.613325	0.374473	0.385592	0.417262	0.568399	0.45116	0.507698	0.354657	0.295833	0.470067	0.384615	0.415242	
D00228	0.430556	0.386538	0.588095	0.426348	0.398095	0.621795	0.39627	1.0	0.541377	0.764815	0.6025	0.640693	0.74321	0.570476	0.537557	0.389698	0.456667	0.654762	0.501259	0.505291	0.374528	0.414405	0.653333	0.52	0.588889	0.406782	0.428543	0.25671	0.637322	0.524819	0.74321	0.651429	0.450256	0.477576	0.452862	0.544729	0.371795	0.305258	0.286574	0.480186	0.628986	0.690741	0.560269	0.6	0.466667	0.444444	0.425	0.57963	0.542593	0.461869	0.513333	0.34922	0.27684	0.507157	0.572222	0.690741	0.559259	0.352108	0.464181	0.481481	0.107143	0.215	0.225	0.215	0.215	0.222222	0.373626	0.452862	0.56713	0.583333	0.662963	0.445268	0.516561	0.533333	0.446653	0.447222	0.300722	0.3625	0.325841	0.395238	0.297507	0.294058	0.45	0.299218	0.40549	0.407143	0.476229	0.355556	0.483333	0.504762	0.349689	0.448333	0.281645	0.398918	0.587879	0.548333	0.483983	0.550238	0.532381	0.399678	0.52635	0.411111	0.458297	0.318182	0.57037	0.380769	0.566667	0.611396	0.546667	0.644881	0.47549	0.551429	0.529167	0.546667	0.534762	0.24177	0.320861	0.286884	0.254962	0.430622	0.422515	0.648148	0.588889	0.592208	0.509524	0.59359	0.437576	0.5	0.415152	0.336203	0.418182	0.32619	0.315734	0.372767	0.1	0.299145	0.451515	0.378161	0.596667	0.687654	0.58359	0.366667	0.41448	0.426923	0.126986	0.441765	0.50549	0.4459	0.268105	0.544762	0.253092	0.30482	0.509167	0.473333	0.59596	0.256074	0.43925	0.37873	0.57359	0.657576	0.596667	0.541667	0.513333	0.31111	0.474669	0.441667	0.127731	0.241799	0.426812	0.255647	0.191988	0.447698	0.323202	0.30419	0.368119	0.495	0.358974	0.380952	0.316361	0.367816	0.447998	0.242857	0.622507	0.45	0.272343	0.516511	0.42963	0.442424	0.211916	0.247306	0.318883	0.458683	0.349255	0.343943	0.400171	0.53	0.450649	0.391667	0.428227	0.263265	0.355965	0.548433	0.381429	0.723333	0.204401	0.295833	0.41358	0.256754	0.38549	0.662963	
D00234	0.253401	0.307556	0.547654	0.300212	0.358056	0.481818	0.400962	0.541377	1.0	0.506745	0.526442	0.409775	0.486931	0.417525	0.516427	0.33974	0.517896	0.612805	0.361792	0.375758	0.413027	0.331183	0.546572	0.353095	0.383854	0.433182	0.487712	0.373593	0.492834	0.554545	0.514204	0.494624	0.353749	0.386429	0.360606	0.531537	0.409906	0.285646	0.263723	0.434505	0.446212	0.503715	0.401212	0.429583	0.42404	0.367424	0.387013	0.404242	0.403715	0.474383	0.353095	0.408892	0.216667	0.418831	0.485561	0.503715	0.417662	0.307044	0.387574	0.364394	0.186364	0.269048	0.316667	0.269048	0.264286	0.261538	0.320748	0.428	0.584641	0.373939	0.468636	0.545421	0.47	0.426212	0.374343	0.391014	0.267403	0.369697	0.298386	0.314889	0.245865	0.272499	0.418683	0.277823	0.436182	0.361543	0.357035	0.344113	0.423723	0.367294	0.351088	0.337433	0.223455	0.386669	0.506183	0.365905	0.392525	0.362222	0.350859	0.431571	0.367361	0.349349	0.552778	0.205769	0.39342	0.314846	0.349028	0.431362	0.418472	0.579654	0.344762	0.412222	0.413333	0.418472	0.428889	0.251045	0.339631	0.280078	0.225285	0.382284	0.551981	0.42697	0.587114	0.453405	0.508167	0.39017	0.397654	0.342988	0.470814	0.426411	0.505387	0.29921	0.42259	0.352814	0.056863	0.258768	0.437433	0.437963	0.429583	0.532386	0.514265	0.310947	0.320254	0.359512	0.11993	0.380056	0.37254	0.37004	0.419785	0.400317	0.217852	0.270513	0.406667	0.334841	0.539409	0.243187	0.406082	0.366204	0.451765	0.468325	0.432857	0.477016	0.410614	0.276034	0.401565	0.343922	0.180952	0.268819	0.425628	0.2265	0.171572	0.411012	0.384437	0.36308	0.25856	0.456745	0.353939	0.379704	0.270753	0.299723	0.570209	0.237782	0.50487	0.588701	0.258095	0.377507	0.391319	0.400671	0.240842	0.222703	0.286999	0.400254	0.27988	0.279308	0.349924	0.390686	0.378244	0.300889	0.460342	0.25249	0.336051	0.383743	0.515573	0.507352	0.244602	0.304242	0.356205	0.397453	0.365079	0.472208	
D00252	0.431818	0.41627	0.574074	0.341667	0.47037	0.508159	0.475758	0.764815	0.506745	1.0	0.551323	0.666667	0.857143	0.677778	0.559679	0.469048	0.498148	0.681481	0.590909	0.520833	0.399004	0.446032	0.72037	0.566667	0.624868	0.439405	0.381179	0.302381	0.672348	0.653899	0.857143	0.516667	0.486532	0.559259	0.541667	0.651515	0.365278	0.354978	0.337302	0.516667	0.598873	0.916667	0.666667	0.581481	0.541667	0.533333	0.516071	0.75	0.708333	0.466667	0.556085	0.392034	0.269231	0.591285	0.559091	0.916667	0.664583	0.302948	0.536683	0.575	0.144444	0.266667	0.277778	0.266667	0.266667	0.243386	0.356151	0.479167	0.462963	0.666667	0.7	0.422849	0.532206	0.6375	0.5194	0.551515	0.360214	0.362434	0.382516	0.425247	0.311026	0.344856	0.465	0.349134	0.451852	0.496296	0.45621	0.426389	0.527778	0.518519	0.30878	0.47963	0.298625	0.477143	0.525758	0.604233	0.528571	0.609524	0.587302	0.428482	0.488986	0.504396	0.493074	0.293333	0.677083	0.443526	0.585185	0.593182	0.566667	0.642857	0.488889	0.574074	0.547619	0.566667	0.555556	0.218692	0.325383	0.218793	0.223545	0.440351	0.460925	0.645833	0.444017	0.469697	0.363889	0.653199	0.518519	0.548148	0.448333	0.332328	0.425238	0.261831	0.392308	0.454167	0.130952	0.350694	0.526667	0.453404	0.622222	0.877976	0.531688	0.32	0.422222	0.43468	0.156258	0.336508	0.525926	0.51549	0.311905	0.555556	0.261174	0.320803	0.529101	0.509259	0.547619	0.318767	0.453801	0.402381	0.597643	0.529837	0.62037	0.489524	0.532764	0.292134	0.37419	0.350794	0.138462	0.195106	0.539153	0.27942	0.198559	0.356825	0.302554	0.284757	0.373779	0.516667	0.409722	0.379487	0.334309	0.295926	0.523974	0.281657	0.505051	0.532764	0.319408	0.409399	0.520192	0.55	0.222631	0.302333	0.299907	0.385714	0.301539	0.36732	0.349697	0.551282	0.492381	0.396825	0.461442	0.272814	0.428105	0.568182	0.340154	0.582821	0.237056	0.325397	0.482143	0.299459	0.459259	0.697917	
D00274	0.315972	0.50641	0.896296	0.360188	0.576667	0.424145	0.490041	0.6025	0.526442	0.551323	1.0	0.644569	0.663492	0.535769	0.601799	0.603587	0.545988	0.857407	0.562132	0.478307	0.547107	0.599798	0.764506	0.578889	0.689048	0.581129	0.48431	0.30974	0.569493	0.620652	0.663492	0.427273	0.57548	0.508525	0.460707	0.505207	0.31511	0.459091	0.428555	0.476521	0.526763	0.607407	0.564146	0.526111	0.393615	0.468695	0.523633	0.496296	0.567989	0.40922	0.572222	0.482963	0.280182	0.49057	0.559491	0.607407	0.575	0.357708	0.414578	0.42769	0.173077	0.227866	0.249471	0.227866	0.222575	0.242593	0.363095	0.354357	0.50463	0.5	0.542504	0.566368	0.459574	0.591975	0.55596	0.553846	0.456252	0.391667	0.478701	0.529932	0.429428	0.442778	0.558741	0.449155	0.497319	0.337912	0.590812	0.599383	0.342976	0.582857	0.348524	0.59	0.398203	0.421551	0.620779	0.67619	0.645012	0.6071	0.595012	0.423567	0.520434	0.422619	0.679611	0.249928	0.555159	0.351128	0.467778	0.636777	0.532778	0.674048	0.536128	0.53381	0.502381	0.532778	0.545	0.238853	0.294477	0.275869	0.299336	0.285167	0.429107	0.642694	0.533995	0.391667	0.496296	0.500877	0.383922	0.461111	0.491389	0.40845	0.461433	0.27509	0.336513	0.544728	0.118095	0.431319	0.407504	0.445621	0.488254	0.638889	0.561404	0.354447	0.414971	0.485877	0.182729	0.476714	0.566128	0.463288	0.331546	0.68127	0.341039	0.31489	0.574048	0.55377	0.518651	0.35648	0.539964	0.406984	0.512544	0.58631	0.490833	0.888889	0.569286	0.323632	0.524618	0.391369	0.188958	0.243298	0.512053	0.413093	0.312768	0.412202	0.341991	0.322992	0.43923	0.614615	0.323718	0.482173	0.399324	0.40871	0.544627	0.314059	0.467544	0.596296	0.410334	0.457792	0.518342	0.579798	0.20871	0.392308	0.325262	0.301546	0.36408	0.461758	0.412007	0.579048	0.581057	0.438828	0.453822	0.423666	0.460381	0.582985	0.466581	0.63961	0.307905	0.35381	0.326455	0.439989	0.437874	0.54537	
D00283	0.331129	0.408824	0.604233	0.295833	0.456085	0.532308	0.470202	0.640693	0.409775	0.666667	0.644569	1.0	0.725	0.496296	0.541465	0.454167	0.441751	0.643386	0.448052	0.483333	0.417212	0.473669	0.619529	0.467725	0.599471	0.426491	0.411531	0.369312	0.582143	0.614341	0.808333	0.496296	0.505291	0.462963	0.441667	0.741497	0.355519	0.35205	0.330736	0.427778	0.556992	0.708333	0.625	0.54595	0.582492	0.432051	0.400735	0.541667	0.575	0.412121	0.460317	0.363889	0.266667	0.43573	0.53719	0.708333	0.54697	0.254762	0.402051	0.457051	0.1625	0.148148	0.162963	0.148148	0.148148	0.152381	0.397186	0.391667	0.480808	0.55	0.615385	0.414516	0.594565	0.590385	0.502116	0.467532	0.416154	0.404902	0.379683	0.409341	0.33254	0.337374	0.401587	0.343434	0.437037	0.359259	0.478823	0.403158	0.404714	0.577778	0.263958	0.513852	0.350137	0.388889	0.427417	0.566138	0.425714	0.491534	0.473016	0.422099	0.501293	0.417949	0.477922	0.292308	0.613636	0.350649	0.517379	0.589286	0.524786	0.595892	0.525926	0.57037	0.419172	0.524786	0.511111	0.213561	0.26785	0.190112	0.200877	0.273684	0.323263	0.638095	0.383929	0.446667	0.423377	0.69881	0.541667	0.623718	0.397576	0.301814	0.455556	0.209158	0.42849	0.425	0.119048	0.328028	0.584046	0.419648	0.547009	0.7	0.495238	0.274164	0.416667	0.59881	0.188568	0.314138	0.555556	0.392157	0.379487	0.573016	0.295238	0.268105	0.500654	0.511063	0.433766	0.307222	0.394545	0.428571	0.51746	0.491558	0.523232	0.580112	0.505556	0.292157	0.342177	0.340392	0.166667	0.176107	0.507407	0.319487	0.23956	0.353091	0.299702	0.282073	0.388745	0.446208	0.43416	0.342801	0.321044	0.33256	0.410085	0.229487	0.57381	0.479293	0.320707	0.371871	0.40625	0.529451	0.263393	0.297302	0.301961	0.266667	0.335556	0.364103	0.348254	0.57963	0.532784	0.419935	0.454569	0.227811	0.322751	0.615476	0.321472	0.540714	0.244272	0.446569	0.504762	0.339284	0.340741	0.588636	
D00293	0.383838	0.505556	0.687424	0.327083	0.546683	0.525475	0.509091	0.74321	0.486931	0.857143	0.663492	0.725	1.0	0.696296	0.632735	0.55	0.580247	0.801709	0.601385	0.535256	0.460909	0.514815	0.839506	0.585185	0.74127	0.537059	0.403968	0.365714	0.683333	0.698873	0.916667	0.494872	0.566667	0.566667	0.554167	0.625	0.432407	0.414286	0.391741	0.55	0.646348	0.857143	0.766667	0.591919	0.522222	0.545076	0.520833	0.732143	0.765476	0.509091	0.574603	0.461111	0.302564	0.605042	0.656566	0.857143	0.677778	0.325397	0.557895	0.590909	0.162963	0.280423	0.295238	0.280423	0.280423	0.285714	0.42328	0.491667	0.478836	0.64881	0.715909	0.504687	0.580354	0.732576	0.473737	0.520529	0.388889	0.407407	0.441111	0.503297	0.358466	0.401154	0.493216	0.406205	0.52963	0.481481	0.547985	0.487059	0.54321	0.605413	0.325992	0.552413	0.345533	0.457143	0.530447	0.688889	0.536667	0.61746	0.596296	0.457393	0.531713	0.487179	0.590043	0.339394	0.777778	0.454545	0.599327	0.6	0.577104	0.687831	0.574074	0.660969	0.522222	0.577104	0.564672	0.228411	0.2939	0.232581	0.273457	0.407018	0.479107	0.777632	0.475397	0.449883	0.395726	0.555556	0.459259	0.488215	0.522222	0.402494	0.458205	0.288435	0.438022	0.541667	0.154762	0.406279	0.506061	0.484073	0.636364	0.85	0.500952	0.33525	0.486111	0.511111	0.158715	0.354989	0.611111	0.527871	0.340476	0.67208	0.30625	0.350327	0.537037	0.591358	0.582251	0.332593	0.48	0.434432	0.607407	0.5671	0.632099	0.590476	0.54127	0.308473	0.396032	0.38	0.166667	0.208123	0.584848	0.346667	0.243083	0.386032	0.320178	0.301344	0.450649	0.548018	0.390741	0.412354	0.409139	0.357619	0.486752	0.284982	0.555556	0.563155	0.374472	0.435067	0.525595	0.583203	0.261983	0.358547	0.319328	0.369048	0.316835	0.439316	0.422222	0.633862	0.51987	0.461111	0.492578	0.294872	0.42769	0.666667	0.318631	0.62381	0.280392	0.407407	0.5	0.308057	0.462963	0.711111	
D00294	0.353175	0.469822	0.561364	0.330532	0.700457	0.447222	0.458791	0.570476	0.417525	0.677778	0.535769	0.496296	0.696296	1.0	0.453922	0.534392	0.409524	0.596364	0.816667	0.481145	0.554817	0.596622	0.622857	0.834921	0.816667	0.526407	0.336386	0.315152	0.618519	0.581357	0.625926	0.519697	0.724868	0.795238	0.52963	0.503704	0.331136	0.407585	0.386822	0.667857	0.431699	0.748148	0.640741	0.541111	0.570476	0.523457	0.551648	0.711111	0.640741	0.485317	0.823016	0.37963	0.285714	0.636623	0.494048	0.748148	0.670899	0.415646	0.714219	0.523457	0.2	0.232381	0.246667	0.232381	0.232381	0.208333	0.3337	0.462963	0.410623	0.640741	0.601235	0.379547	0.420588	0.65679	0.701876	0.482108	0.493896	0.397436	0.508333	0.529487	0.308625	0.397222	0.469875	0.400198	0.445238	0.546667	0.457585	0.440929	0.470476	0.446364	0.320049	0.585891	0.374332	0.52987	0.641558	0.733333	0.765714	0.828571	0.850794	0.382051	0.404575	0.47619	0.50754	0.219192	0.648677	0.416667	0.444444	0.61746	0.594444	0.660769	0.491905	0.499697	0.527436	0.594444	0.586364	0.251848	0.273325	0.233384	0.250052	0.371795	0.49359	0.596514	0.526984	0.472452	0.473954	0.44	0.383333	0.394444	0.372294	0.32	0.444313	0.328788	0.354545	0.496296	0.207692	0.380769	0.557778	0.514065	0.541111	0.755556	0.67	0.331556	0.378388	0.38	0.185333	0.449237	0.525238	0.560567	0.274603	0.831938	0.350893	0.390152	0.560769	0.743915	0.529167	0.3	0.45507	0.368052	0.556667	0.660606	0.57381	0.478405	0.563333	0.272942	0.496769	0.379647	0.153061	0.205446	0.485714	0.462944	0.229437	0.358814	0.366071	0.344538	0.40873	0.516863	0.351648	0.326984	0.363725	0.403838	0.407792	0.316327	0.39	0.4	0.369192	0.452721	0.554497	0.622778	0.21645	0.359465	0.360871	0.34127	0.361245	0.488428	0.379167	0.48	0.567778	0.40572	0.409341	0.301422	0.465714	0.559259	0.308067	0.726667	0.277446	0.327436	0.459259	0.263943	0.666667	0.637566	
D00303	0.359307	0.389097	0.614631	0.272589	0.595816	0.424988	0.460384	0.537557	0.516427	0.559679	0.601799	0.541465	0.632735	0.453922	1.0	0.635205	0.565539	0.603722	0.432861	0.555921	0.663492	0.582471	0.608986	0.395437	0.523704	0.570878	0.490372	0.451852	0.741013	0.73545	0.669772	0.35057	0.577197	0.54695	0.489583	0.445786	0.469697	0.479756	0.449669	0.532675	0.601027	0.546451	0.661152	0.629194	0.344532	0.498775	0.552381	0.583428	0.652258	0.462919	0.38877	0.564379	0.314103	0.476282	0.629381	0.546451	0.596569	0.275421	0.466024	0.498775	0.111111	0.251282	0.236467	0.251282	0.251282	0.275613	0.490909	0.473652	0.400641	0.583428	0.71201	0.540058	0.537302	0.691176	0.422969	0.449912	0.344444	0.295238	0.502087	0.423734	0.405504	0.46194	0.431479	0.468827	0.555438	0.393246	0.506234	0.543259	0.46732	0.618951	0.360239	0.581829	0.381624	0.526455	0.383984	0.486048	0.391444	0.443409	0.430588	0.504535	0.490924	0.340092	0.540909	0.332353	0.650735	0.39899	0.609088	0.691013	0.614379	0.761376	0.605367	0.683695	0.377731	0.614379	0.628139	0.207962	0.257948	0.210366	0.228571	0.373016	0.450872	0.608061	0.401784	0.321356	0.320812	0.446446	0.337319	0.411338	0.508986	0.455617	0.495614	0.2	0.478689	0.576136	0.095238	0.443156	0.358793	0.480898	0.632898	0.57718	0.427624	0.2789	0.509581	0.553427	0.122834	0.301934	0.642404	0.411987	0.357217	0.525325	0.309088	0.255317	0.610177	0.552505	0.539731	0.30006	0.416627	0.473058	0.658678	0.42971	0.633987	0.54103	0.615468	0.281653	0.339324	0.311975	0.208392	0.190391	0.440952	0.366667	0.286172	0.405714	0.352007	0.3313	0.319365	0.474627	0.278707	0.288031	0.341466	0.304442	0.458682	0.305128	0.379779	0.522529	0.43575	0.366843	0.558333	0.47526	0.359848	0.414808	0.271534	0.282268	0.283939	0.374786	0.317421	0.658132	0.493344	0.485411	0.543346	0.238095	0.478788	0.678513	0.380937	0.468775	0.427054	0.40277	0.388831	0.325751	0.493603	0.713235	
D00319	0.360728	0.524155	0.611063	0.334524	0.804113	0.324242	0.490278	0.389698	0.33974	0.469048	0.603587	0.454167	0.55	0.534392	0.635205	1.0	0.556863	0.528571	0.513528	0.584354	0.667391	0.72651	0.532026	0.568946	0.587783	0.696	0.399615	0.348148	0.657143	0.629156	0.516667	0.314286	0.726786	0.689286	0.646259	0.4125	0.344385	0.631208	0.602886	0.415873	0.369827	0.529167	0.738095	0.546272	0.308824	0.656284	0.686306	0.652381	0.647619	0.396104	0.5566	0.668498	0.255556	0.456566	0.411052	0.529167	0.7507	0.357143	0.416084	0.605263	0.119048	0.2	0.183333	0.2	0.2	0.226136	0.359537	0.485714	0.294841	0.661905	0.624311	0.383651	0.347214	0.77193	0.601411	0.496786	0.470238	0.365539	0.605128	0.447552	0.494161	0.620171	0.481197	0.627863	0.558333	0.514881	0.502934	0.671041	0.519363	0.660119	0.343711	0.714434	0.457749	0.489947	0.468765	0.596072	0.545238	0.618519	0.60582	0.358067	0.378558	0.386447	0.526407	0.226316	0.726891	0.396667	0.60282	0.690476	0.600439	0.53591	0.695833	0.602976	0.529561	0.600439	0.615476	0.239577	0.261126	0.223559	0.259933	0.227546	0.346387	0.623611	0.328535	0.285714	0.290873	0.424339	0.296296	0.385575	0.494989	0.351648	0.404762	0.259921	0.348148	0.760544	0.130769	0.581173	0.323684	0.397513	0.546272	0.5625	0.576465	0.354572	0.451515	0.4625	0.162698	0.356052	0.654167	0.429957	0.27381	0.652381	0.370159	0.306638	0.651708	0.700315	0.478749	0.353216	0.460317	0.377211	0.575	0.461433	0.548529	0.532117	0.645779	0.318885	0.393032	0.358689	0.205556	0.194467	0.543386	0.530247	0.380252	0.354879	0.340249	0.320234	0.389286	0.534663	0.29902	0.334336	0.355151	0.365245	0.458974	0.426816	0.416931	0.512121	0.57324	0.395608	0.67953	0.517927	0.317939	0.649372	0.310035	0.310884	0.344603	0.440688	0.399365	0.576136	0.480351	0.471805	0.38561	0.305556	0.627831	0.766667	0.332601	0.507576	0.474668	0.532065	0.52381	0.347068	0.6	0.626891	
D00326	0.339394	0.349908	0.641093	0.218916	0.481834	0.333868	0.375758	0.456667	0.517896	0.498148	0.545988	0.441751	0.580247	0.409524	0.565539	0.556863	1.0	0.619048	0.372977	0.464286	0.403409	0.450926	0.740741	0.356667	0.477778	0.40202	0.292037	0.375661	0.578297	0.510533	0.580247	0.344762	0.492877	0.489899	0.491613	0.471154	0.424242	0.367641	0.340909	0.362238	0.398986	0.490741	0.57197	0.502646	0.4	0.482143	0.432292	0.510417	0.59256	0.428099	0.356667	0.626703	0.238428	0.367157	0.472222	0.490741	0.532143	0.218475	0.339181	0.479167	0.346939	0.5	0.486735	0.5	0.488095	0.48254	0.349206	0.585652	0.372685	0.552083	0.5625	0.496262	0.414698	0.58631	0.316812	0.343519	0.246176	0.349868	0.394248	0.330159	0.314891	0.352058	0.396061	0.357687	0.572339	0.529762	0.425303	0.506173	0.625	0.542328	0.229743	0.488215	0.304735	0.357143	0.45854	0.453889	0.460476	0.378333	0.360476	0.32571	0.31726	0.319955	0.524203	0.25	0.583333	0.312354	0.544444	0.533654	0.484127	0.433929	0.509804	0.52381	0.428704	0.484127	0.470899	0.154839	0.175561	0.180451	0.154576	0.280351	0.559398	0.514815	0.530303	0.31342	0.443723	0.38359	0.360269	0.35	0.875	0.463101	0.364762	0.172698	0.444098	0.469363	0.059524	0.384259	0.383333	0.348796	0.5	0.527337	0.353768	0.241667	0.382353	0.417745	0.086808	0.32215	0.472767	0.318627	0.279432	0.438095	0.278434	0.212558	0.44246	0.518519	0.412037	0.229884	0.380952	0.323175	0.514042	0.340873	0.539683	0.484722	0.44709	0.218694	0.344737	0.257813	0.187908	0.161376	0.360145	0.302222	0.209442	0.263467	0.224639	0.212159	0.306532	0.440067	0.376984	0.419444	0.27562	0.235701	0.656139	0.282051	0.463248	0.729006	0.335944	0.287157	0.4375	0.386869	0.326203	0.359764	0.230797	0.308683	0.219634	0.289975	0.314148	0.496296	0.358009	0.357639	0.348975	0.230769	0.360949	0.596154	0.311984	0.371861	0.281699	0.469792	0.555556	0.311338	0.398693	0.607143	
D00329	0.309524	0.497436	0.842593	0.309244	0.528333	0.421368	0.469197	0.654762	0.612805	0.681481	0.857407	0.643386	0.801709	0.596364	0.603722	0.528571	0.619048	1.0	0.517218	0.477778	0.485675	0.536667	0.874603	0.545714	0.666538	0.519835	0.399259	0.332468	0.637908	0.668986	0.727635	0.451515	0.576499	0.509048	0.496296	0.541612	0.385714	0.40754	0.381962	0.50696	0.579819	0.677778	0.637037	0.5875	0.422511	0.50463	0.502646	0.566667	0.640741	0.436111	0.53619	0.446216	0.280952	0.527871	0.586508	0.677778	0.583069	0.327513	0.464181	0.500926	0.207071	0.298942	0.351852	0.298942	0.293651	0.290598	0.361905	0.459259	0.501852	0.496296	0.608333	0.594278	0.485652	0.667593	0.49026	0.502778	0.409962	0.406667	0.427712	0.492669	0.383477	0.392202	0.474242	0.398413	0.512381	0.366364	0.533868	0.544935	0.434762	0.546667	0.324477	0.5475	0.360202	0.421586	0.575758	0.622143	0.59303	0.556667	0.54303	0.451345	0.481653	0.424908	0.683117	0.303788	0.627513	0.406209	0.520833	0.607221	0.534167	0.655714	0.515714	0.593333	0.473333	0.534167	0.546667	0.222904	0.282709	0.234225	0.268721	0.354864	0.50941	0.687037	0.580931	0.413889	0.501984	0.494118	0.393333	0.4375	0.557143	0.441717	0.448485	0.301697	0.365734	0.520106	0.131111	0.402681	0.437121	0.458518	0.5475	0.712821	0.514782	0.331994	0.445421	0.487451	0.17072	0.437618	0.545714	0.464731	0.341587	0.682381	0.325391	0.316893	0.52	0.55381	0.502671	0.325198	0.460496	0.406667	0.574118	0.584503	0.551429	0.765	0.524737	0.303914	0.482091	0.35625	0.179592	0.211983	0.516667	0.371814	0.269211	0.361905	0.315439	0.297915	0.420362	0.521667	0.349817	0.475	0.368127	0.375723	0.571355	0.293179	0.494118	0.638596	0.364815	0.454329	0.507909	0.541667	0.215579	0.349756	0.315488	0.346032	0.334402	0.428195	0.415074	0.56807	0.483009	0.423077	0.483584	0.381079	0.416594	0.582353	0.401875	0.63764	0.283458	0.366667	0.360969	0.40303	0.451429	0.612698	
D00331	0.287546	0.424359	0.524793	0.30754	0.663745	0.413187	0.469955	0.501259	0.361792	0.590909	0.562132	0.448052	0.601385	0.816667	0.432861	0.513528	0.372977	0.517218	1.0	0.37684	0.579448	0.617191	0.566916	0.762937	0.789957	0.64693	0.365632	0.280336	0.48	0.497885	0.538052	0.479339	0.63627	0.699603	0.457381	0.454719	0.255782	0.398727	0.376805	0.595726	0.375469	0.641385	0.495476	0.422222	0.519874	0.451825	0.505372	0.55881	0.542576	0.407204	0.752222	0.353095	0.227778	0.529293	0.456621	0.641385	0.587143	0.421876	0.744996	0.414921	0.159091	0.189899	0.177273	0.189899	0.189899	0.187879	0.280254	0.34	0.381293	0.495476	0.466587	0.350632	0.38961	0.507778	0.660812	0.508542	0.495277	0.338578	0.529614	0.550649	0.341309	0.388462	0.498143	0.391209	0.37377	0.42316	0.553419	0.428454	0.359957	0.412239	0.337404	0.606623	0.398867	0.474074	0.655519	0.742576	0.725718	0.77829	0.79829	0.31966	0.382275	0.466162	0.486672	0.159656	0.502619	0.341392	0.341919	0.500556	0.464646	0.561066	0.373377	0.386521	0.446803	0.464646	0.4573	0.264488	0.288581	0.256176	0.266337	0.41426	0.40822	0.462339	0.487024	0.439394	0.458586	0.406887	0.370523	0.380624	0.341895	0.307127	0.430135	0.27178	0.323611	0.455556	0.193651	0.357653	0.50833	0.487037	0.42417	0.645909	0.639394	0.35114	0.298129	0.342208	0.186219	0.468145	0.40368	0.501058	0.255208	0.732633	0.365988	0.357843	0.46953	0.653413	0.658297	0.32656	0.482453	0.311914	0.436364	0.632702	0.451948	0.506028	0.471861	0.293871	0.517138	0.332525	0.144974	0.224238	0.443086	0.454047	0.24906	0.352539	0.385409	0.363997	0.516402	0.543429	0.325989	0.314045	0.392857	0.425412	0.390476	0.318519	0.361433	0.378355	0.358876	0.536054	0.507937	0.636304	0.183673	0.350885	0.367383	0.277232	0.383306	0.504823	0.376025	0.40732	0.583655	0.318747	0.34097	0.318653	0.451299	0.422143	0.321237	0.69022	0.271093	0.254163	0.365476	0.288297	0.569841	0.497143	
D00332	0.597884	0.391667	0.582011	0.324405	0.496429	0.409091	0.322222	0.505291	0.375758	0.520833	0.478307	0.483333	0.535256	0.481145	0.555921	0.584354	0.464286	0.477778	0.37684	1.0	0.385185	0.421429	0.449735	0.381481	0.405942	0.405152	0.314286	0.237037	0.72493	0.559259	0.576923	0.333333	0.509314	0.554167	0.844444	0.45098	0.322511	0.356667	0.326111	0.4	0.412037	0.604167	0.685714	0.605208	0.338095	0.856944	0.755556	0.690476	0.590476	0.436364	0.374074	0.51815	0.387879	0.425926	0.398268	0.604167	0.644898	0.340293	0.442424	0.923611	0.166234	0.261905	0.280952	0.261905	0.261905	0.264783	0.398268	0.466667	0.375	0.785714	0.744048	0.394444	0.292593	0.667857	0.369312	0.392857	0.31923	0.4625	0.342159	0.321959	0.274177	0.339372	0.352778	0.346825	0.477976	0.545455	0.4671	0.421068	0.547619	0.683333	0.260441	0.432192	0.237474	0.425589	0.319192	0.359788	0.34303	0.396296	0.381145	0.335714	0.384167	0.326824	0.418182	0.442708	0.673469	0.586057	0.609375	0.729692	0.667708	0.596296	0.690476	0.625	0.485185	0.667708	0.683333	0.138903	0.215325	0.172982	0.202296	0.233333	0.333333	0.614583	0.315058	0.30303	0.263889	0.511983	0.274074	0.430556	0.412698	0.26564	0.316667	0.288771	0.274074	0.67619	0.16453	0.411177	0.354167	0.342033	0.651042	0.59359	0.401261	0.257692	0.441558	0.47598	0.097722	0.234144	0.64881	0.363333	0.213605	0.459259	0.241793	0.238803	0.645833	0.480952	0.423044	0.192063	0.33581	0.404762	0.634314	0.416427	0.605952	0.420952	0.651754	0.177299	0.275288	0.38	0.199134	0.152026	0.437037	0.405364	0.257548	0.371111	0.196707	0.185136	0.243956	0.391975	0.292857	0.295513	0.215725	0.200228	0.396825	0.425951	0.363834	0.404926	0.305808	0.324842	0.76345	0.394643	0.21645	0.365414	0.188948	0.29932	0.183492	0.252275	0.304967	0.639254	0.410833	0.475758	0.361538	0.279899	0.602958	0.80112	0.318214	0.45807	0.271911	0.425	0.516484	0.18183	0.655782	0.692517	
