data	D00049	D00059	D00079	D00094	D00095	D00106	D00110	D00113	D00136	D00139	D00180	D00225	D00227	D00232	D00234	D00235	D00241	D00255	D00270	D00274	D00281	D00283	D00295	D00300	D00301	D00306	D00318	D00332	D00336	D00356	D00364	D00371	D00380	D00394	D00397	D00400	D00410	D00411	D00415	D00419	D00422	D00426	D00432	D00437	D00440	D00442	D00443	D00451	D00454	D00465	D00480	D00483	D00493	D00494	D00498	D00499	D00503	D00509	D00513	D00514	D00520	D00521	D00522	D00523	D00524	D00525	D00528	D00540	D00542	D00559	D00560	D00563	D00574	D00598	D00601	D00604	D00606	D00607	D00609	D00613	D00627	D00632	D00635	D00645	D00646	D00665	D00666	D00673	D00674	D00675	D00676	D00682	D00683	D00684	D00687	D00688	D00715	D00726	D00760	D00765	D00769	D00775	D00779	D00780	D00790	D00837	D00838	D00845	D00954	D00965	D00987	D00996	D01020	D01022	D01024	D01051	D01071	D01103	D01118	D01126	D01164	D01227	D01236	D01242	D01269	D01295	D01297	D01324	D01332	D01346	D01352	D01358	D01386	D01390	D01441	D01454	D01462	D01603	D01652	D01692	D01699	D01712	D01713	D01717	D01745	D01782	D01828	D01871	D01891	D01925	D01964	D01965	D01973	D01994	D02007	D02066	D02070	D02076	D02082	D02147	D02149	D02150	D02234	D02237	D02250	D02278	D02279	D02327	D02338	D02340	D02342	D02349	D02354	D02356	D02357	D02358	D02359	D02361	D02374	D02566	D02578	D02588	D02614	D02671	D02721	D02725	D02826	D02884	D02910	D03165	D03187	D03210	D03274	D03365	D03415	D03442	D03490	D03503	D03621	D03642	D03654	D03858	D03879	D03880	D03881	D03966	D04006	D04034	D04040	D04375	D04625	D04716	D04979	D05113	D05129	D05246	D05312	D05341	D05740	D05792	D05938	D06056	D06396	
D00049	95.0	26.0	15.0	6.0	34.0	6.0	81.0	48.0	47.0	24.0	15.0	24.0	26.0	11.0	39.0	27.0	39.0	53.0	22.0	54.0	20.0	21.0	6.0	50.0	121.0	15.0	17.0	5.0	67.0	40.0	43.0	13.0	60.0	26.0	60.0	54.0	123.0	105.0	29.0	24.0	15.0	34.0	23.0	54.0	6.0	115.0	30.0	30.0	16.0	43.0	26.0	32.0	19.0	26.0	11.0	22.0	20.0	53.0	26.0	30.0	63.0	75.0	59.0	50.0	4.0	6.0	28.0	44.0	2.0	1.0	69.0	51.0	46.0	22.0	55.0	20.0	28.0	16.0	64.0	36.0	65.0	44.0	64.0	45.0	44.0	61.0	65.0	15.0	30.0	84.0	48.0	9.0	80.0	118.0	112.0	70.0	49.0	45.0	67.0	12.0	54.0	14.0	29.0	43.0	21.0	27.0	12.0	62.0	11.0	45.0	28.0	34.0	20.0	16.0	46.0	66.0	24.0	61.0	26.0	4.0	35.0	67.0	75.0	39.0	52.0	70.0	43.0	26.0	45.0	110.0	9.0	46.0	32.0	36.0	50.0	22.0	37.0	51.0	43.0	26.0	64.0	15.0	41.0	64.0	36.0	39.0	38.0	23.0	29.0	42.0	38.0	40.0	41.0	57.0	56.0	80.0	48.0	32.0	44.0	36.0	43.0	35.0	52.0	14.0	121.0	6.0	3.0	66.0	32.0	21.0	25.0	62.0	27.0	31.0	22.0	23.0	51.0	63.0	25.0	38.0	30.0	32.0	32.0	22.0	7.0	36.0	12.0	14.0	60.0	35.0	23.0	74.0	143.0	33.0	112.0	185.0	23.0	6.0	48.0	57.0	64.0	50.0	44.0	55.0	53.0	8.0	11.0	134.0	36.0	18.0	37.0	54.0	23.0	27.0	34.0	49.0	27.0	3.0	44.0	41.0	37.0	18.0	24.0	
D00059	26.0	471.0	84.0	30.0	148.0	88.0	88.0	88.0	54.0	26.0	84.0	30.0	30.0	55.0	53.0	50.0	57.0	64.0	29.0	48.0	25.0	29.0	9.0	50.0	166.0	68.0	25.0	26.0	74.0	147.0	31.0	15.0	45.0	31.0	68.0	126.0	49.0	90.0	37.0	62.0	35.0	40.0	97.0	49.0	19.0	122.0	88.0	40.0	24.0	49.0	29.0	44.0	26.0	29.0	59.0	17.0	26.0	107.0	39.0	44.0	67.0	126.0	98.0	63.0	9.0	44.0	29.0	52.0	4.0	12.0	86.0	45.0	41.0	41.0	210.0	25.0	28.0	22.0	48.0	121.0	105.0	204.0	141.0	71.0	67.0	75.0	94.0	35.0	40.0	58.0	67.0	104.0	214.0	151.0	105.0	206.0	64.0	35.0	146.0	98.0	75.0	23.0	28.0	133.0	28.0	139.0	97.0	111.0	80.0	53.0	83.0	148.0	65.0	59.0	91.0	71.0	20.0	64.0	31.0	65.0	37.0	70.0	72.0	46.0	87.0	78.0	28.0	27.0	53.0	105.0	107.0	51.0	84.0	144.0	71.0	58.0	89.0	65.0	40.0	26.0	80.0	19.0	46.0	115.0	44.0	55.0	80.0	25.0	104.0	114.0	152.0	90.0	62.0	114.0	180.0	306.0	101.0	113.0	134.0	98.0	244.0	150.0	60.0	20.0	164.0	57.0	36.0	73.0	69.0	30.0	44.0	87.0	31.0	65.0	78.0	57.0	159.0	44.0	60.0	36.0	40.0	114.0	88.0	29.0	90.0	112.0	23.0	18.0	62.0	115.0	71.0	75.0	128.0	22.0	178.0	516.0	49.0	9.0	54.0	63.0	80.0	50.0	204.0	409.0	300.0	106.0	12.0	179.0	116.0	19.0	150.0	86.0	25.0	69.0	95.0	96.0	69.0	21.0	70.0	68.0	41.0	28.0	27.0	
D00079	15.0	84.0	2028.0	127.0	104.0	902.0	224.0	169.0	77.0	10.0	1373.0	4.0	40.0	233.0	42.0	62.0	55.0	41.0	23.0	60.0	10.0	18.0	19.0	12.0	264.0	163.0	40.0	109.0	114.0	438.0	69.0	16.0	72.0	22.0	32.0	157.0	27.0	90.0	70.0	834.0	24.0	91.0	184.0	57.0	24.0	221.0	376.0	35.0	18.0	120.0	13.0	41.0	40.0	13.0	166.0	85.0	48.0	52.0	45.0	57.0	29.0	104.0	46.0	116.0	19.0	122.0	20.0	100.0	5.0	77.0	70.0	12.0	70.0	65.0	254.0	10.0	21.0	160.0	33.0	56.0	53.0	58.0	161.0	29.0	87.0	96.0	159.0	24.0	54.0	29.0	110.0	867.0	130.0	78.0	146.0	142.0	187.0	41.0	163.0	573.0	119.0	5.0	89.0	346.0	27.0	337.0	177.0	187.0	329.0	40.0	249.0	104.0	23.0	31.0	82.0	78.0	100.0	138.0	20.0	88.0	97.0	36.0	46.0	30.0	212.0	39.0	62.0	33.0	124.0	59.0	1144.0	12.0	118.0	58.0	61.0	35.0	194.0	28.0	62.0	62.0	93.0	32.0	9.0	196.0	70.0	51.0	47.0	53.0	363.0	248.0	436.0	117.0	112.0	159.0	524.0	142.0	178.0	176.0	134.0	52.0	272.0	116.0	88.0	228.0	297.0	170.0	132.0	87.0	101.0	18.0	52.0	72.0	47.0	62.0	176.0	43.0	159.0	55.0	56.0	63.0	19.0	279.0	102.0	68.0	748.0	388.0	85.0	29.0	82.0	320.0	906.0	77.0	64.0	81.0	138.0	944.0	68.0	19.0	20.0	45.0	93.0	78.0	58.0	677.0	236.0	205.0	45.0	61.0	108.0	9.0	64.0	149.0	28.0	185.0	103.0	62.0	169.0	281.0	54.0	131.0	71.0	70.0	63.0	
D00094	6.0	30.0	127.0	1221.0	9.0	122.0	23.0	21.0	42.0	2.0	109.0	10.0	27.0	64.0	23.0	46.0	34.0	17.0	28.0	34.0	10.0	17.0	24.0	24.0	81.0	87.0	38.0	68.0	46.0	91.0	45.0	12.0	32.0	38.0	23.0	82.0	25.0	40.0	28.0	115.0	57.0	40.0	47.0	95.0	57.0	150.0	70.0	32.0	25.0	70.0	24.0	31.0	22.0	24.0	64.0	71.0	25.0	28.0	31.0	8.0	36.0	80.0	26.0	51.0	37.0	18.0	20.0	81.0	10.0	13.0	41.0	12.0	42.0	42.0	140.0	10.0	12.0	76.0	23.0	25.0	37.0	25.0	130.0	34.0	54.0	109.0	80.0	57.0	35.0	28.0	70.0	141.0	98.0	75.0	60.0	98.0	32.0	27.0	139.0	94.0	23.0	5.0	57.0	104.0	40.0	84.0	25.0	120.0	44.0	48.0	76.0	9.0	32.0	52.0	34.0	40.0	74.0	52.0	37.0	39.0	39.0	45.0	17.0	36.0	68.0	50.0	29.0	24.0	96.0	30.0	133.0	12.0	11.0	35.0	42.0	50.0	116.0	51.0	32.0	50.0	27.0	24.0	7.0	43.0	25.0	46.0	41.0	28.0	83.0	49.0	109.0	38.0	17.0	92.0	90.0	82.0	33.0	51.0	102.0	43.0	57.0	26.0	84.0	100.0	196.0	59.0	36.0	72.0	86.0	17.0	64.0	100.0	36.0	89.0	37.0	46.0	12.0	54.0	70.0	31.0	27.0	41.0	11.0	43.0	132.0	102.0	24.0	31.0	46.0	92.0	124.0	96.0	43.0	8.0	64.0	189.0	41.0	24.0	17.0	17.0	27.0	40.0	25.0	67.0	73.0	52.0	12.0	44.0	90.0	12.0	59.0	64.0	19.0	29.0	66.0	55.0	35.0	106.0	56.0	54.0	51.0	37.0	30.0	
D00095	34.0	148.0	104.0	9.0	354.0	119.0	71.0	75.0	59.0	25.0	104.0	30.0	30.0	39.0	52.0	42.0	57.0	63.0	30.0	57.0	29.0	28.0	7.0	51.0	145.0	61.0	17.0	13.0	64.0	123.0	25.0	14.0	56.0	27.0	56.0	68.0	57.0	91.0	40.0	65.0	23.0	42.0	79.0	33.0	10.0	77.0	62.0	32.0	22.0	42.0	26.0	39.0	28.0	26.0	70.0	8.0	28.0	104.0	34.0	61.0	67.0	101.0	79.0	51.0	2.0	24.0	31.0	42.0	0.0	13.0	86.0	44.0	51.0	36.0	154.0	29.0	24.0	16.0	52.0	119.0	83.0	190.0	106.0	49.0	73.0	63.0	78.0	23.0	32.0	62.0	44.0	124.0	270.0	120.0	99.0	232.0	84.0	45.0	147.0	143.0	58.0	23.0	30.0	92.0	28.0	111.0	67.0	63.0	69.0	49.0	49.0	354.0	45.0	52.0	76.0	70.0	11.0	63.0	27.0	21.0	36.0	64.0	73.0	42.0	65.0	72.0	24.0	26.0	32.0	113.0	150.0	50.0	114.0	191.0	60.0	50.0	45.0	47.0	40.0	25.0	66.0	14.0	43.0	117.0	41.0	40.0	53.0	23.0	90.0	64.0	121.0	68.0	54.0	76.0	107.0	394.0	89.0	81.0	68.0	129.0	414.0	330.0	52.0	18.0	95.0	40.0	31.0	58.0	51.0	29.0	36.0	95.0	31.0	61.0	54.0	47.0	255.0	48.0	53.0	43.0	39.0	75.0	145.0	27.0	111.0	97.0	44.0	14.0	69.0	80.0	90.0	78.0	156.0	32.0	162.0	284.0	45.0	7.0	52.0	56.0	66.0	51.0	190.0	404.0	254.0	54.0	10.0	200.0	56.0	20.0	191.0	104.0	24.0	62.0	56.0	65.0	62.0	9.0	56.0	54.0	30.0	31.0	29.0	
D00106	6.0	88.0	902.0	122.0	119.0	2404.0	201.0	195.0	61.0	5.0	912.0	5.0	29.0	257.0	42.0	56.0	50.0	39.0	22.0	47.0	9.0	17.0	20.0	11.0	273.0	183.0	33.0	98.0	77.0	473.0	58.0	11.0	49.0	23.0	24.0	144.0	19.0	59.0	86.0	510.0	29.0	78.0	190.0	45.0	29.0	162.0	381.0	25.0	18.0	102.0	17.0	39.0	35.0	17.0	200.0	64.0	42.0	43.0	44.0	76.0	22.0	95.0	43.0	102.0	21.0	148.0	11.0	88.0	5.0	82.0	65.0	11.0	51.0	61.0	261.0	9.0	10.0	141.0	22.0	46.0	46.0	53.0	142.0	26.0	107.0	75.0	147.0	29.0	39.0	22.0	85.0	783.0	117.0	56.0	127.0	127.0	215.0	29.0	139.0	673.0	77.0	5.0	81.0	324.0	19.0	379.0	206.0	149.0	359.0	28.0	213.0	119.0	24.0	31.0	85.0	60.0	77.0	133.0	22.0	93.0	78.0	26.0	29.0	28.0	203.0	32.0	36.0	32.0	100.0	35.0	1098.0	11.0	131.0	53.0	45.0	35.0	171.0	26.0	49.0	48.0	79.0	25.0	7.0	222.0	55.0	45.0	40.0	49.0	360.0	263.0	474.0	128.0	104.0	125.0	399.0	125.0	202.0	188.0	116.0	49.0	298.0	131.0	84.0	201.0	232.0	181.0	146.0	73.0	86.0	18.0	51.0	57.0	43.0	64.0	183.0	41.0	180.0	42.0	54.0	58.0	19.0	319.0	119.0	65.0	1180.0	364.0	102.0	24.0	66.0	305.0	588.0	59.0	43.0	99.0	130.0	775.0	63.0	20.0	18.0	25.0	79.0	73.0	53.0	699.0	242.0	243.0	34.0	48.0	97.0	6.0	60.0	198.0	26.0	214.0	88.0	61.0	200.0	264.0	51.0	121.0	54.0	65.0	47.0	
D00110	81.0	88.0	224.0	23.0	71.0	201.0	1335.0	305.0	93.0	45.0	230.0	53.0	48.0	184.0	96.0	54.0	60.0	129.0	55.0	97.0	37.0	63.0	11.0	128.0	497.0	97.0	30.0	28.0	137.0	342.0	89.0	23.0	99.0	78.0	115.0	181.0	100.0	206.0	92.0	218.0	29.0	73.0	155.0	129.0	14.0	282.0	339.0	58.0	50.0	121.0	74.0	79.0	59.0	74.0	132.0	59.0	63.0	103.0	61.0	77.0	152.0	182.0	125.0	125.0	18.0	103.0	39.0	115.0	4.0	34.0	135.0	88.0	82.0	55.0	173.0	37.0	57.0	66.0	98.0	64.0	137.0	78.0	128.0	101.0	136.0	109.0	196.0	29.0	61.0	158.0	98.0	209.0	128.0	201.0	216.0	110.0	233.0	71.0	155.0	341.0	211.0	24.0	90.0	340.0	53.0	201.0	163.0	166.0	243.0	79.0	235.0	71.0	35.0	30.0	128.0	148.0	63.0	193.0	76.0	68.0	88.0	127.0	170.0	98.0	206.0	197.0	95.0	85.0	114.0	185.0	222.0	111.0	145.0	53.0	95.0	36.0	183.0	118.0	103.0	55.0	203.0	29.0	96.0	254.0	91.0	74.0	60.0	73.0	270.0	195.0	311.0	132.0	146.0	123.0	384.0	122.0	295.0	110.0	86.0	56.0	156.0	77.0	168.0	62.0	298.0	51.0	43.0	147.0	67.0	60.0	57.0	108.0	65.0	68.0	208.0	44.0	133.0	110.0	46.0	102.0	58.0	203.0	87.0	64.0	204.0	271.0	69.0	29.0	106.0	324.0	252.0	127.0	258.0	57.0	270.0	936.0	55.0	11.0	128.0	105.0	203.0	139.0	78.0	455.0	163.0	147.0	31.0	253.0	70.0	37.0	54.0	199.0	69.0	168.0	65.0	108.0	164.0	36.0	76.0	104.0	110.0	43.0	57.0	
D00113	48.0	88.0	169.0	21.0	75.0	195.0	305.0	1222.0	75.0	40.0	172.0	53.0	38.0	231.0	93.0	51.0	52.0	127.0	59.0	69.0	38.0	62.0	12.0	118.0	1393.0	102.0	22.0	19.0	99.0	341.0	62.0	18.0	69.0	84.0	203.0	164.0	77.0	167.0	79.0	155.0	31.0	58.0	152.0	117.0	16.0	274.0	315.0	55.0	50.0	107.0	80.0	80.0	59.0	80.0	114.0	39.0	61.0	87.0	62.0	81.0	136.0	175.0	120.0	112.0	16.0	93.0	27.0	118.0	6.0	34.0	125.0	90.0	59.0	54.0	182.0	38.0	51.0	52.0	70.0	56.0	134.0	69.0	120.0	95.0	139.0	93.0	190.0	31.0	57.0	116.0	85.0	201.0	138.0	150.0	177.0	104.0	228.0	48.0	122.0	312.0	143.0	22.0	86.0	282.0	54.0	212.0	161.0	140.0	241.0	58.0	216.0	75.0	41.0	37.0	117.0	131.0	61.0	173.0	84.0	62.0	74.0	119.0	148.0	98.0	197.0	171.0	76.0	84.0	93.0	151.0	213.0	113.0	144.0	52.0	88.0	41.0	164.0	114.0	89.0	47.0	201.0	22.0	97.0	249.0	81.0	69.0	53.0	75.0	243.0	192.0	300.0	127.0	152.0	109.0	286.0	114.0	704.0	118.0	77.0	64.0	167.0	80.0	160.0	40.0	286.0	50.0	44.0	129.0	61.0	59.0	56.0	126.0	64.0	69.0	192.0	45.0	129.0	87.0	47.0	95.0	57.0	202.0	88.0	66.0	194.0	242.0	79.0	26.0	82.0	272.0	178.0	96.0	195.0	62.0	264.0	704.0	53.0	12.0	121.0	87.0	201.0	125.0	69.0	408.0	161.0	155.0	19.0	210.0	67.0	34.0	57.0	207.0	73.0	174.0	62.0	109.0	173.0	20.0	76.0	99.0	90.0	36.0	43.0	
D00136	47.0	54.0	77.0	42.0	59.0	61.0	93.0	75.0	987.0	72.0	101.0	85.0	57.0	66.0	206.0	80.0	118.0	123.0	135.0	231.0	66.0	130.0	11.0	112.0	375.0	75.0	28.0	62.0	190.0	91.0	143.0	25.0	104.0	107.0	103.0	148.0	95.0	202.0	77.0	125.0	49.0	147.0	58.0	82.0	25.0	274.0	98.0	84.0	98.0	153.0	99.0	90.0	136.0	99.0	56.0	68.0	143.0	129.0	68.0	63.0	144.0	208.0	144.0	153.0	14.0	17.0	41.0	135.0	12.0	27.0	214.0	98.0	118.0	85.0	145.0	66.0	62.0	102.0	118.0	103.0	176.0	117.0	164.0	98.0	121.0	162.0	183.0	49.0	91.0	130.0	114.0	68.0	164.0	182.0	229.0	148.0	81.0	105.0	241.0	90.0	106.0	60.0	115.0	106.0	127.0	109.0	68.0	187.0	60.0	89.0	104.0	59.0	47.0	58.0	104.0	153.0	66.0	162.0	114.0	24.0	143.0	165.0	183.0	131.0	141.0	172.0	108.0	110.0	114.0	218.0	66.0	115.0	54.0	74.0	178.0	80.0	97.0	93.0	112.0	87.0	172.0	33.0	90.0	173.0	121.0	101.0	90.0	101.0	89.0	60.0	86.0	137.0	121.0	242.0	92.0	156.0	76.0	56.0	115.0	78.0	70.0	67.0	232.0	122.0	292.0	33.0	24.0	133.0	101.0	146.0	77.0	98.0	117.0	159.0	71.0	67.0	113.0	132.0	66.0	121.0	95.0	48.0	127.0	124.0	55.0	95.0	69.0	35.0	156.0	98.0	143.0	193.0	270.0	38.0	252.0	342.0	82.0	11.0	130.0	178.0	172.0	151.0	117.0	131.0	128.0	24.0	30.0	312.0	107.0	51.0	79.0	119.0	86.0	73.0	111.0	115.0	60.0	122.0	140.0	138.0	147.0	84.0	94.0	
D00139	24.0	26.0	10.0	2.0	25.0	5.0	45.0	40.0	72.0	346.0	10.0	51.0	50.0	6.0	102.0	37.0	30.0	106.0	86.0	69.0	28.0	79.0	4.0	65.0	177.0	25.0	12.0	4.0	83.0	41.0	78.0	25.0	44.0	90.0	56.0	68.0	42.0	131.0	50.0	14.0	21.0	57.0	43.0	49.0	6.0	175.0	19.0	50.0	58.0	40.0	90.0	84.0	53.0	90.0	21.0	13.0	53.0	63.0	53.0	32.0	91.0	92.0	109.0	66.0	2.0	9.0	28.0	39.0	0.0	7.0	104.0	51.0	35.0	35.0	63.0	28.0	33.0	12.0	63.0	58.0	136.0	51.0	64.0	65.0	58.0	57.0	67.0	21.0	50.0	81.0	58.0	10.0	60.0	102.0	146.0	54.0	40.0	25.0	83.0	9.0	68.0	42.0	32.0	47.0	84.0	42.0	24.0	77.0	8.0	32.0	44.0	25.0	30.0	16.0	68.0	67.0	15.0	70.0	90.0	2.0	49.0	118.0	118.0	116.0	86.0	96.0	55.0	90.0	78.0	130.0	10.0	68.0	33.0	25.0	115.0	23.0	36.0	71.0	52.0	48.0	98.0	26.0	69.0	62.0	70.0	50.0	56.0	60.0	58.0	26.0	44.0	68.0	81.0	86.0	35.0	58.0	39.0	39.0	74.0	26.0	32.0	25.0	180.0	10.0	179.0	4.0	2.0	64.0	30.0	85.0	36.0	35.0	57.0	67.0	30.0	28.0	55.0	63.0	26.0	65.0	80.0	20.0	75.0	87.0	5.0	69.0	45.0	26.0	79.0	39.0	14.0	51.0	157.0	19.0	218.0	188.0	35.0	4.0	64.0	84.0	98.0	64.0	51.0	61.0	58.0	7.0	25.0	178.0	66.0	27.0	25.0	67.0	60.0	44.0	92.0	68.0	48.0	2.0	94.0	60.0	64.0	44.0	32.0	
D00180	15.0	84.0	1373.0	109.0	104.0	912.0	230.0	172.0	101.0	10.0	1968.0	3.0	43.0	263.0	57.0	71.0	61.0	47.0	32.0	78.0	12.0	25.0	20.0	15.0	285.0	193.0	40.0	145.0	151.0	444.0	88.0	16.0	90.0	28.0	35.0	188.0	30.0	108.0	73.0	1143.0	23.0	127.0	190.0	55.0	23.0	245.0	409.0	38.0	25.0	166.0	16.0	47.0	56.0	16.0	169.0	106.0	67.0	58.0	51.0	57.0	32.0	130.0	49.0	164.0	22.0	125.0	20.0	130.0	5.0	93.0	93.0	16.0	88.0	80.0	266.0	12.0	21.0	226.0	40.0	59.0	62.0	67.0	182.0	32.0	93.0	90.0	171.0	23.0	63.0	32.0	122.0	713.0	142.0	78.0	208.0	154.0	190.0	50.0	199.0	607.0	123.0	5.0	130.0	357.0	20.0	370.0	207.0	211.0	360.0	43.0	261.0	104.0	23.0	38.0	88.0	101.0	129.0	175.0	26.0	97.0	130.0	39.0	49.0	33.0	237.0	39.0	72.0	46.0	128.0	59.0	990.0	16.0	118.0	64.0	68.0	38.0	184.0	24.0	76.0	82.0	109.0	35.0	12.0	209.0	85.0	66.0	50.0	77.0	365.0	259.0	420.0	135.0	126.0	174.0	590.0	154.0	181.0	179.0	145.0	58.0	272.0	119.0	108.0	364.0	327.0	191.0	150.0	99.0	122.0	25.0	61.0	75.0	65.0	83.0	178.0	49.0	162.0	67.0	62.0	90.0	22.0	290.0	105.0	106.0	738.0	372.0	101.0	32.0	109.0	331.0	1211.0	91.0	73.0	92.0	150.0	995.0	83.0	20.0	27.0	48.0	109.0	121.0	67.0	686.0	245.0	208.0	54.0	70.0	119.0	7.0	73.0	152.0	39.0	197.0	115.0	71.0	175.0	490.0	60.0	193.0	89.0	98.0	85.0	
D00225	24.0	30.0	4.0	10.0	30.0	5.0	53.0	53.0	85.0	51.0	3.0	712.0	17.0	3.0	146.0	35.0	51.0	163.0	97.0	71.0	52.0	102.0	10.0	100.0	202.0	21.0	9.0	1.0	81.0	52.0	75.0	8.0	36.0	101.0	71.0	89.0	48.0	121.0	40.0	4.0	27.0	57.0	41.0	56.0	9.0	180.0	7.0	37.0	63.0	52.0	97.0	82.0	139.0	97.0	57.0	3.0	139.0	72.0	55.0	42.0	114.0	134.0	130.0	87.0	1.0	4.0	14.0	52.0	5.0	8.0	116.0	77.0	35.0	35.0	76.0	52.0	56.0	2.0	47.0	60.0	165.0	64.0	76.0	81.0	85.0	89.0	102.0	27.0	39.0	92.0	39.0	4.0	62.0	101.0	153.0	58.0	52.0	40.0	97.0	4.0	73.0	38.0	53.0	49.0	97.0	28.0	49.0	74.0	4.0	29.0	50.0	30.0	28.0	22.0	76.0	82.0	5.0	101.0	98.0	3.0	78.0	109.0	262.0	111.0	102.0	149.0	115.0	98.0	67.0	120.0	4.0	102.0	50.0	31.0	128.0	43.0	57.0	102.0	205.0	26.0	138.0	9.0	96.0	85.0	73.0	68.0	56.0	142.0	51.0	9.0	41.0	69.0	133.0	74.0	11.0	62.0	52.0	39.0	74.0	31.0	32.0	30.0	204.0	4.0	182.0	2.0	1.0	87.0	31.0	97.0	35.0	35.0	103.0	64.0	55.0	37.0	68.0	103.0	22.0	133.0	59.0	7.0	67.0	80.0	7.0	50.0	52.0	9.0	74.0	49.0	3.0	60.0	182.0	22.0	326.0	149.0	35.0	10.0	101.0	85.0	138.0	99.0	64.0	65.0	66.0	3.0	6.0	216.0	74.0	56.0	32.0	99.0	143.0	25.0	43.0	99.0	25.0	1.0	84.0	83.0	70.0	39.0	38.0	
D00227	26.0	30.0	40.0	27.0	30.0	29.0	48.0	38.0	57.0	50.0	43.0	17.0	2371.0	40.0	50.0	33.0	30.0	44.0	41.0	56.0	18.0	35.0	52.0	24.0	129.0	51.0	34.0	20.0	83.0	47.0	53.0	658.0	72.0	40.0	41.0	66.0	47.0	116.0	94.0	55.0	25.0	79.0	36.0	61.0	29.0	199.0	72.0	86.0	41.0	42.0	38.0	28.0	21.0	36.0	26.0	52.0	23.0	63.0	42.0	68.0	458.0	62.0	67.0	54.0	19.0	27.0	162.0	43.0	0.0	30.0	95.0	26.0	47.0	29.0	82.0	18.0	28.0	46.0	68.0	64.0	90.0	41.0	82.0	51.0	50.0	55.0	58.0	27.0	86.0	108.0	114.0	46.0	116.0	110.0	70.0	112.0	45.0	44.0	163.0	59.0	61.0	20.0	23.0	129.0	34.0	59.0	18.0	83.0	33.0	54.0	97.0	32.0	26.0	57.0	54.0	53.0	56.0	42.0	43.0	15.0	37.0	93.0	70.0	470.0	53.0	28.0	46.0	32.0	72.0	92.0	42.0	26.0	25.0	38.0	97.0	41.0	95.0	44.0	43.0	67.0	52.0	771.0	22.0	52.0	126.0	23.0	75.0	16.0	50.0	111.0	47.0	57.0	108.0	96.0	131.0	102.0	43.0	57.0	75.0	44.0	58.0	38.0	71.0	52.0	225.0	22.0	13.0	58.0	54.0	35.0	35.0	88.0	37.0	68.0	59.0	26.0	37.0	59.0	70.0	22.0	46.0	91.0	40.0	46.0	34.0	78.0	31.0	744.0	74.0	103.0	54.0	97.0	97.0	15.0	115.0	331.0	27.0	54.0	23.0	75.0	52.0	26.0	39.0	79.0	67.0	26.0	348.0	93.0	49.0	13.0	37.0	51.0	12.0	42.0	99.0	70.0	44.0	21.0	193.0	29.0	41.0	81.0	35.0	
D00232	11.0	55.0	233.0	64.0	39.0	257.0	184.0	231.0	66.0	6.0	263.0	3.0	40.0	1597.0	48.0	45.0	30.0	21.0	26.0	51.0	7.0	23.0	14.0	20.0	313.0	143.0	22.0	62.0	80.0	286.0	65.0	16.0	54.0	39.0	37.0	132.0	32.0	78.0	64.0	250.0	34.0	79.0	128.0	74.0	34.0	214.0	352.0	40.0	29.0	97.0	27.0	31.0	36.0	25.0	113.0	100.0	42.0	29.0	32.0	47.0	38.0	93.0	22.0	92.0	42.0	98.0	24.0	117.0	7.0	55.0	74.0	20.0	53.0	55.0	156.0	7.0	17.0	118.0	40.0	21.0	31.0	35.0	104.0	45.0	94.0	47.0	109.0	35.0	50.0	35.0	75.0	253.0	88.0	79.0	90.0	82.0	167.0	41.0	222.0	454.0	71.0	2.0	75.0	309.0	18.0	231.0	162.0	116.0	284.0	51.0	243.0	40.0	22.0	46.0	67.0	72.0	82.0	171.0	43.0	71.0	74.0	45.0	39.0	44.0	142.0	29.0	50.0	34.0	70.0	43.0	269.0	21.0	78.0	31.0	51.0	35.0	179.0	23.0	48.0	59.0	93.0	34.0	8.0	171.0	53.0	39.0	31.0	53.0	208.0	201.0	261.0	98.0	103.0	86.0	305.0	70.0	258.0	92.0	57.0	38.0	126.0	58.0	84.0	142.0	240.0	85.0	74.0	62.0	81.0	23.0	54.0	82.0	49.0	81.0	174.0	34.0	75.0	62.0	54.0	47.0	22.0	219.0	48.0	51.0	250.0	211.0	69.0	36.0	70.0	299.0	279.0	94.0	51.0	54.0	50.0	639.0	51.0	15.0	26.0	35.0	93.0	65.0	33.0	372.0	124.0	156.0	29.0	43.0	45.0	4.0	46.0	131.0	29.0	169.0	53.0	51.0	162.0	152.0	56.0	79.0	66.0	44.0	49.0	
D00234	39.0	53.0	42.0	23.0	52.0	42.0	96.0	93.0	206.0	102.0	57.0	146.0	50.0	48.0	1377.0	113.0	81.0	243.0	148.0	179.0	66.0	145.0	12.0	153.0	367.0	67.0	17.0	33.0	155.0	100.0	144.0	22.0	86.0	172.0	118.0	160.0	89.0	218.0	80.0	65.0	58.0	137.0	89.0	88.0	19.0	318.0	53.0	81.0	118.0	119.0	163.0	151.0	168.0	163.0	88.0	34.0	173.0	132.0	110.0	71.0	177.0	251.0	210.0	174.0	10.0	20.0	23.0	110.0	8.0	32.0	254.0	130.0	87.0	134.0	154.0	66.0	59.0	74.0	112.0	101.0	262.0	133.0	165.0	135.0	152.0	128.0	153.0	58.0	82.0	153.0	94.0	47.0	148.0	193.0	276.0	126.0	93.0	65.0	226.0	54.0	115.0	76.0	126.0	104.0	140.0	94.0	83.0	164.0	38.0	66.0	92.0	52.0	66.0	50.0	142.0	163.0	29.0	192.0	165.0	17.0	154.0	198.0	285.0	187.0	204.0	232.0	145.0	186.0	130.0	230.0	45.0	165.0	76.0	68.0	218.0	63.0	87.0	148.0	139.0	86.0	218.0	28.0	151.0	179.0	135.0	121.0	87.0	195.0	99.0	24.0	96.0	157.0	171.0	206.0	38.0	136.0	90.0	73.0	131.0	74.0	54.0	62.0	360.0	74.0	330.0	21.0	15.0	148.0	82.0	151.0	108.0	72.0	157.0	196.0	82.0	76.0	125.0	157.0	69.0	181.0	135.0	22.0	184.0	159.0	46.0	95.0	99.0	33.0	147.0	104.0	65.0	127.0	284.0	47.0	486.0	290.0	116.0	12.0	160.0	167.0	218.0	181.0	133.0	137.0	135.0	12.0	27.0	343.0	131.0	57.0	68.0	161.0	178.0	75.0	88.0	155.0	71.0	77.0	158.0	162.0	146.0	87.0	90.0	
D00235	27.0	50.0	62.0	46.0	42.0	56.0	54.0	51.0	80.0	37.0	71.0	35.0	33.0	45.0	113.0	465.0	75.0	151.0	46.0	71.0	30.0	42.0	16.0	65.0	163.0	58.0	52.0	47.0	116.0	82.0	61.0	14.0	67.0	57.0	67.0	105.0	64.0	122.0	45.0	81.0	47.0	64.0	167.0	87.0	28.0	219.0	67.0	49.0	40.0	77.0	53.0	194.0	46.0	53.0	42.0	53.0	49.0	80.0	186.0	37.0	80.0	151.0	103.0	88.0	30.0	10.0	26.0	77.0	7.0	13.0	114.0	51.0	67.0	248.0	173.0	30.0	38.0	69.0	68.0	75.0	109.0	96.0	168.0	71.0	98.0	85.0	94.0	47.0	51.0	72.0	81.0	77.0	211.0	154.0	133.0	201.0	57.0	50.0	149.0	58.0	57.0	21.0	57.0	97.0	42.0	91.0	40.0	137.0	43.0	61.0	57.0	42.0	66.0	50.0	84.0	91.0	48.0	94.0	55.0	36.0	72.0	104.0	90.0	68.0	92.0	96.0	55.0	50.0	71.0	105.0	73.0	59.0	36.0	106.0	80.0	64.0	62.0	69.0	68.0	61.0	86.0	26.0	56.0	96.0	61.0	58.0	65.0	54.0	61.0	63.0	107.0	110.0	67.0	142.0	91.0	223.0	55.0	63.0	93.0	100.0	79.0	69.0	110.0	73.0	259.0	47.0	27.0	96.0	92.0	45.0	235.0	99.0	56.0	118.0	47.0	68.0	84.0	84.0	193.0	65.0	75.0	54.0	90.0	54.0	67.0	68.0	35.0	37.0	72.0	86.0	73.0	97.0	128.0	24.0	324.0	337.0	210.0	16.0	66.0	80.0	86.0	78.0	96.0	139.0	133.0	37.0	15.0	158.0	82.0	27.0	74.0	94.0	47.0	54.0	76.0	97.0	55.0	62.0	83.0	91.0	69.0	43.0	56.0	
D00241	39.0	57.0	55.0	34.0	57.0	50.0	60.0	52.0	118.0	30.0	61.0	51.0	30.0	30.0	81.0	75.0	271.0	81.0	65.0	81.0	45.0	54.0	11.0	63.0	156.0	39.0	33.0	53.0	124.0	61.0	72.0	13.0	71.0	46.0	67.0	93.0	72.0	117.0	34.0	53.0	32.0	63.0	56.0	60.0	17.0	151.0	44.0	37.0	33.0	65.0	44.0	63.0	60.0	44.0	30.0	32.0	62.0	86.0	55.0	38.0	82.0	137.0	105.0	77.0	9.0	4.0	26.0	65.0	7.0	7.0	123.0	53.0	72.0	64.0	149.0	45.0	43.0	47.0	62.0	78.0	112.0	92.0	137.0	65.0	75.0	121.0	135.0	32.0	40.0	76.0	70.0	60.0	169.0	141.0	129.0	155.0	56.0	63.0	111.0	35.0	60.0	21.0	53.0	71.0	62.0	85.0	34.0	132.0	28.0	62.0	38.0	57.0	38.0	37.0	66.0	92.0	30.0	87.0	44.0	27.0	58.0	77.0	89.0	63.0	87.0	94.0	45.0	44.0	68.0	113.0	59.0	61.0	42.0	78.0	70.0	69.0	53.0	67.0	59.0	35.0	82.0	22.0	55.0	135.0	54.0	53.0	65.0	48.0	38.0	37.0	57.0	71.0	59.0	147.0	86.0	169.0	55.0	70.0	102.0	78.0	102.0	66.0	102.0	51.0	201.0	50.0	25.0	91.0	66.0	65.0	63.0	82.0	47.0	72.0	33.0	52.0	91.0	75.0	65.0	63.0	52.0	31.0	63.0	46.0	55.0	45.0	29.0	22.0	75.0	58.0	50.0	95.0	173.0	22.0	192.0	286.0	63.0	11.0	66.0	87.0	82.0	76.0	92.0	135.0	137.0	45.0	13.0	192.0	89.0	36.0	73.0	78.0	41.0	36.0	82.0	92.0	31.0	53.0	69.0	75.0	54.0	36.0	53.0	
D00255	53.0	64.0	41.0	17.0	63.0	39.0	129.0	127.0	123.0	106.0	47.0	163.0	44.0	21.0	243.0	151.0	81.0	1153.0	144.0	112.0	84.0	144.0	24.0	232.0	435.0	51.0	11.0	26.0	166.0	149.0	100.0	19.0	77.0	188.0	164.0	205.0	106.0	261.0	77.0	46.0	54.0	82.0	199.0	131.0	16.0	373.0	32.0	105.0	112.0	144.0	184.0	272.0	169.0	184.0	68.0	18.0	175.0	155.0	305.0	97.0	251.0	322.0	263.0	202.0	7.0	10.0	11.0	136.0	3.0	11.0	267.0	165.0	75.0	156.0	207.0	84.0	76.0	38.0	122.0	109.0	303.0	131.0	202.0	178.0	187.0	153.0	195.0	54.0	109.0	188.0	123.0	53.0	156.0	228.0	356.0	132.0	128.0	62.0	155.0	39.0	158.0	51.0	130.0	98.0	138.0	104.0	70.0	200.0	30.0	58.0	102.0	63.0	86.0	41.0	246.0	195.0	20.0	243.0	188.0	18.0	146.0	266.0	345.0	203.0	236.0	345.0	158.0	186.0	128.0	206.0	54.0	224.0	118.0	76.0	165.0	74.0	93.0	229.0	156.0	87.0	284.0	23.0	225.0	190.0	168.0	145.0	87.0	212.0	128.0	36.0	160.0	227.0	179.0	151.0	61.0	156.0	128.0	88.0	134.0	76.0	86.0	65.0	374.0	44.0	395.0	27.0	16.0	212.0	85.0	144.0	157.0	88.0	171.0	142.0	74.0	92.0	139.0	168.0	105.0	226.0	139.0	32.0	149.0	149.0	39.0	126.0	104.0	27.0	141.0	94.0	47.0	108.0	326.0	58.0	2318.0	375.0	159.0	24.0	233.0	117.0	284.0	240.0	131.0	172.0	154.0	23.0	33.0	390.0	130.0	71.0	72.0	236.0	209.0	91.0	76.0	201.0	99.0	39.0	150.0	214.0	164.0	83.0	70.0	
D00270	22.0	29.0	23.0	28.0	30.0	22.0	55.0	59.0	135.0	86.0	32.0	97.0	41.0	26.0	148.0	46.0	65.0	144.0	543.0	108.0	60.0	146.0	7.0	122.0	280.0	51.0	6.0	19.0	104.0	69.0	132.0	18.0	51.0	194.0	81.0	106.0	50.0	150.0	80.0	36.0	45.0	80.0	54.0	59.0	25.0	239.0	27.0	67.0	113.0	84.0	254.0	113.0	128.0	254.0	52.0	20.0	132.0	84.0	70.0	44.0	146.0	168.0	141.0	104.0	14.0	13.0	18.0	78.0	4.0	18.0	173.0	83.0	47.0	50.0	100.0	60.0	50.0	28.0	72.0	73.0	194.0	69.0	106.0	92.0	103.0	124.0	123.0	45.0	76.0	130.0	75.0	26.0	78.0	117.0	207.0	70.0	57.0	59.0	140.0	36.0	79.0	52.0	75.0	72.0	307.0	59.0	46.0	119.0	20.0	35.0	84.0	30.0	32.0	39.0	89.0	114.0	21.0	116.0	262.0	11.0	83.0	136.0	185.0	278.0	143.0	162.0	88.0	234.0	107.0	163.0	23.0	114.0	55.0	35.0	154.0	56.0	62.0	104.0	76.0	74.0	151.0	20.0	108.0	102.0	100.0	78.0	52.0	116.0	88.0	16.0	53.0	93.0	114.0	113.0	24.0	70.0	57.0	45.0	85.0	39.0	32.0	33.0	324.0	50.0	243.0	11.0	9.0	117.0	50.0	185.0	53.0	54.0	129.0	129.0	54.0	49.0	73.0	113.0	34.0	118.0	91.0	11.0	93.0	271.0	21.0	86.0	94.0	24.0	125.0	72.0	36.0	92.0	629.0	31.0	288.0	187.0	49.0	7.0	116.0	121.0	151.0	124.0	69.0	71.0	71.0	6.0	19.0	664.0	85.0	49.0	42.0	120.0	113.0	47.0	68.0	98.0	52.0	44.0	160.0	106.0	111.0	72.0	52.0	
D00274	54.0	48.0	60.0	34.0	57.0	47.0	97.0	69.0	231.0	69.0	78.0	71.0	56.0	51.0	179.0	71.0	81.0	112.0	108.0	1242.0	60.0	106.0	13.0	90.0	263.0	68.0	38.0	48.0	158.0	78.0	122.0	25.0	102.0	88.0	89.0	108.0	85.0	200.0	74.0	90.0	40.0	128.0	50.0	77.0	24.0	263.0	71.0	67.0	80.0	116.0	81.0	76.0	105.0	81.0	45.0	57.0	111.0	103.0	58.0	49.0	123.0	157.0	123.0	125.0	19.0	20.0	46.0	97.0	12.0	30.0	180.0	70.0	110.0	77.0	135.0	60.0	64.0	104.0	130.0	106.0	151.0	99.0	152.0	77.0	102.0	114.0	128.0	40.0	76.0	126.0	95.0	61.0	150.0	173.0	220.0	154.0	73.0	281.0	258.0	73.0	86.0	57.0	95.0	100.0	101.0	88.0	57.0	147.0	48.0	84.0	91.0	57.0	45.0	58.0	102.0	131.0	65.0	125.0	91.0	25.0	116.0	146.0	161.0	114.0	125.0	127.0	85.0	99.0	98.0	202.0	60.0	83.0	46.0	67.0	160.0	69.0	83.0	75.0	93.0	109.0	140.0	31.0	74.0	152.0	99.0	80.0	83.0	78.0	94.0	64.0	79.0	133.0	107.0	253.0	90.0	142.0	66.0	55.0	100.0	71.0	68.0	62.0	186.0	112.0	277.0	31.0	24.0	110.0	78.0	118.0	75.0	91.0	91.0	141.0	68.0	62.0	98.0	111.0	71.0	98.0	79.0	51.0	114.0	108.0	41.0	102.0	60.0	37.0	161.0	92.0	103.0	171.0	249.0	32.0	230.0	330.0	77.0	13.0	95.0	134.0	140.0	115.0	99.0	117.0	110.0	18.0	29.0	264.0	92.0	48.0	74.0	90.0	68.0	64.0	95.0	94.0	57.0	91.0	126.0	127.0	112.0	78.0	104.0	
D00281	20.0	25.0	10.0	10.0	29.0	9.0	37.0	38.0	66.0	28.0	12.0	52.0	18.0	7.0	66.0	30.0	45.0	84.0	60.0	60.0	222.0	56.0	8.0	68.0	122.0	20.0	6.0	10.0	74.0	38.0	50.0	6.0	33.0	49.0	51.0	62.0	41.0	81.0	23.0	12.0	25.0	40.0	30.0	38.0	11.0	75.0	9.0	28.0	36.0	46.0	47.0	50.0	61.0	47.0	20.0	8.0	64.0	72.0	38.0	40.0	80.0	104.0	80.0	68.0	1.0	2.0	9.0	42.0	3.0	7.0	85.0	57.0	34.0	32.0	58.0	222.0	32.0	18.0	41.0	48.0	92.0	55.0	60.0	57.0	58.0	69.0	80.0	25.0	30.0	57.0	30.0	10.0	62.0	77.0	104.0	54.0	36.0	40.0	60.0	13.0	45.0	17.0	50.0	31.0	56.0	26.0	21.0	51.0	8.0	28.0	25.0	29.0	23.0	30.0	59.0	71.0	12.0	74.0	50.0	5.0	58.0	66.0	84.0	59.0	63.0	105.0	37.0	50.0	37.0	65.0	10.0	71.0	35.0	31.0	55.0	42.0	28.0	66.0	49.0	25.0	81.0	7.0	69.0	66.0	51.0	56.0	29.0	48.0	28.0	12.0	37.0	54.0	48.0	51.0	16.0	62.0	35.0	26.0	43.0	31.0	29.0	29.0	108.0	36.0	77.0	6.0	5.0	62.0	29.0	60.0	30.0	31.0	48.0	46.0	26.0	29.0	55.0	44.0	23.0	63.0	41.0	9.0	45.0	51.0	8.0	27.0	35.0	7.0	53.0	31.0	15.0	58.0	121.0	24.0	168.0	99.0	32.0	8.0	74.0	58.0	81.0	78.0	55.0	55.0	55.0	1.0	6.0	146.0	43.0	34.0	30.0	67.0	47.0	24.0	24.0	64.0	22.0	15.0	46.0	64.0	49.0	31.0	36.0	
D00283	21.0	29.0	18.0	17.0	28.0	17.0	63.0	62.0	130.0	79.0	25.0	102.0	35.0	23.0	145.0	42.0	54.0	144.0	146.0	106.0	56.0	714.0	8.0	114.0	287.0	36.0	11.0	21.0	96.0	67.0	122.0	15.0	43.0	162.0	86.0	99.0	47.0	142.0	59.0	27.0	35.0	99.0	48.0	64.0	16.0	225.0	24.0	60.0	280.0	95.0	155.0	117.0	146.0	155.0	40.0	20.0	149.0	93.0	68.0	41.0	135.0	179.0	140.0	111.0	5.0	15.0	13.0	81.0	4.0	20.0	168.0	98.0	50.0	46.0	84.0	56.0	56.0	34.0	114.0	76.0	189.0	66.0	87.0	87.0	101.0	93.0	119.0	35.0	63.0	111.0	65.0	20.0	66.0	106.0	196.0	60.0	61.0	59.0	111.0	39.0	89.0	49.0	94.0	61.0	141.0	57.0	42.0	128.0	21.0	40.0	79.0	28.0	29.0	41.0	85.0	122.0	32.0	132.0	169.0	11.0	85.0	125.0	186.0	176.0	144.0	215.0	116.0	162.0	127.0	149.0	19.0	127.0	55.0	31.0	171.0	44.0	66.0	108.0	78.0	56.0	171.0	17.0	114.0	117.0	103.0	87.0	51.0	121.0	83.0	28.0	48.0	101.0	113.0	107.0	26.0	62.0	58.0	47.0	82.0	33.0	30.0	29.0	344.0	58.0	229.0	9.0	7.0	101.0	43.0	307.0	43.0	38.0	107.0	97.0	52.0	41.0	68.0	95.0	26.0	118.0	86.0	20.0	86.0	144.0	16.0	81.0	95.0	19.0	118.0	61.0	39.0	155.0	232.0	34.0	288.0	198.0	44.0	8.0	175.0	102.0	171.0	135.0	66.0	68.0	68.0	7.0	17.0	265.0	82.0	55.0	33.0	114.0	118.0	44.0	65.0	97.0	38.0	30.0	118.0	102.0	120.0	60.0	55.0	
D00295	6.0	9.0	19.0	24.0	7.0	20.0	11.0	12.0	11.0	4.0	20.0	10.0	52.0	14.0	12.0	16.0	11.0	24.0	7.0	13.0	8.0	8.0	380.0	12.0	28.0	18.0	30.0	10.0	24.0	22.0	13.0	24.0	11.0	10.0	15.0	31.0	14.0	27.0	26.0	20.0	72.0	31.0	16.0	15.0	72.0	56.0	18.0	21.0	9.0	18.0	6.0	11.0	8.0	6.0	9.0	11.0	9.0	18.0	21.0	25.0	26.0	26.0	31.0	31.0	7.0	6.0	5.0	14.0	2.0	9.0	33.0	16.0	11.0	14.0	34.0	8.0	11.0	23.0	15.0	14.0	37.0	18.0	33.0	16.0	16.0	16.0	23.0	72.0	22.0	30.0	26.0	20.0	25.0	25.0	29.0	25.0	12.0	13.0	29.0	22.0	11.0	8.0	16.0	32.0	6.0	18.0	9.0	21.0	14.0	10.0	32.0	7.0	8.0	18.0	18.0	18.0	11.0	20.0	9.0	13.0	14.0	23.0	24.0	20.0	21.0	19.0	9.0	9.0	17.0	13.0	20.0	15.0	8.0	11.0	13.0	14.0	31.0	63.0	19.0	17.0	19.0	27.0	15.0	21.0	29.0	15.0	11.0	7.0	10.0	38.0	19.0	24.0	30.0	24.0	42.0	23.0	12.0	20.0	31.0	12.0	13.0	9.0	20.0	29.0	62.0	12.0	9.0	16.0	19.0	8.0	15.0	19.0	14.0	19.0	11.0	14.0	18.0	12.0	19.0	13.0	11.0	37.0	8.0	14.0	22.0	13.0	15.0	28.0	22.0	30.0	20.0	26.0	19.0	10.0	50.0	90.0	14.0	380.0	14.0	9.0	19.0	17.0	18.0	29.0	24.0	8.0	39.0	23.0	29.0	8.0	16.0	19.0	6.0	11.0	16.0	39.0	10.0	17.0	51.0	24.0	13.0	29.0	16.0	
D00300	50.0	50.0	12.0	24.0	51.0	11.0	128.0	118.0	112.0	65.0	15.0	100.0	24.0	20.0	153.0	65.0	63.0	232.0	122.0	90.0	68.0	114.0	12.0	495.0	383.0	47.0	9.0	10.0	117.0	117.0	76.0	11.0	66.0	157.0	158.0	181.0	113.0	216.0	73.0	21.0	59.0	68.0	77.0	122.0	29.0	220.0	20.0	71.0	89.0	148.0	148.0	141.0	105.0	148.0	50.0	17.0	107.0	141.0	99.0	93.0	506.0	381.0	210.0	170.0	31.0	8.0	16.0	140.0	3.0	4.0	192.0	160.0	64.0	71.0	144.0	68.0	62.0	20.0	92.0	76.0	248.0	106.0	148.0	166.0	228.0	177.0	240.0	59.0	78.0	178.0	79.0	19.0	124.0	192.0	279.0	98.0	121.0	57.0	132.0	28.0	146.0	38.0	122.0	73.0	118.0	60.0	42.0	176.0	12.0	62.0	75.0	51.0	57.0	46.0	161.0	180.0	14.0	312.0	153.0	7.0	106.0	187.0	227.0	159.0	176.0	434.0	96.0	140.0	95.0	158.0	16.0	206.0	112.0	57.0	115.0	61.0	70.0	206.0	135.0	61.0	334.0	13.0	187.0	188.0	116.0	123.0	67.0	128.0	76.0	20.0	85.0	149.0	111.0	96.0	23.0	114.0	118.0	49.0	98.0	62.0	55.0	55.0	282.0	18.0	224.0	7.0	5.0	293.0	69.0	108.0	83.0	83.0	132.0	120.0	62.0	70.0	115.0	130.0	49.0	172.0	91.0	17.0	90.0	109.0	14.0	70.0	70.0	18.0	120.0	73.0	20.0	122.0	292.0	47.0	464.0	280.0	71.0	12.0	326.0	92.0	334.0	309.0	106.0	111.0	110.0	6.0	8.0	373.0	98.0	60.0	64.0	321.0	127.0	59.0	49.0	178.0	67.0	16.0	134.0	169.0	164.0	53.0	43.0	
D00301	121.0	166.0	264.0	81.0	145.0	273.0	497.0	1393.0	375.0	177.0	285.0	202.0	129.0	313.0	367.0	163.0	156.0	435.0	280.0	263.0	122.0	287.0	28.0	383.0	7584.0	190.0	82.0	94.0	325.0	539.0	266.0	56.0	212.0	366.0	409.0	411.0	218.0	521.0	198.0	289.0	100.0	217.0	282.0	330.0	48.0	950.0	435.0	200.0	242.0	380.0	358.0	310.0	255.0	354.0	194.0	135.0	264.0	342.0	209.0	178.0	448.0	570.0	408.0	355.0	50.0	119.0	75.0	366.0	14.0	69.0	446.0	288.0	193.0	174.0	431.0	123.0	154.0	228.0	232.0	233.0	510.0	220.0	383.0	328.0	360.0	315.0	463.0	104.0	213.0	371.0	304.0	309.0	434.0	484.0	625.0	372.0	402.0	147.0	399.0	421.0	454.0	100.0	275.0	532.0	268.0	383.0	242.0	505.0	319.0	170.0	392.0	149.0	112.0	105.0	336.0	390.0	162.0	496.0	376.0	103.0	269.0	422.0	538.0	417.0	532.0	559.0	289.0	365.0	363.0	533.0	316.0	385.0	276.0	146.0	454.0	124.0	339.0	418.0	287.0	175.0	568.0	84.0	330.0	512.0	303.0	232.0	182.0	315.0	474.0	313.0	458.0	354.0	378.0	393.0	447.0	412.0	878.0	238.0	338.0	161.0	297.0	166.0	753.0	222.0	1024.0	108.0	79.0	431.0	186.0	293.0	171.0	284.0	269.0	295.0	307.0	138.0	272.0	306.0	129.0	350.0	226.0	283.0	255.0	307.0	276.0	493.0	244.0	87.0	324.0	441.0	326.0	317.0	656.0	118.0	941.0	1415.0	170.0	32.0	397.0	311.0	568.0	420.0	216.0	612.0	364.0	211.0	62.0	716.0	247.0	111.0	153.0	493.0	295.0	291.0	229.0	329.0	278.0	125.0	376.0	334.0	347.0	139.0	130.0	
D00306	15.0	68.0	163.0	87.0	61.0	183.0	97.0	102.0	75.0	25.0	193.0	21.0	51.0	143.0	67.0	58.0	39.0	51.0	51.0	68.0	20.0	36.0	18.0	47.0	190.0	1163.0	20.0	55.0	84.0	200.0	62.0	23.0	54.0	57.0	49.0	126.0	57.0	96.0	91.0	186.0	40.0	81.0	120.0	67.0	34.0	162.0	202.0	58.0	40.0	91.0	45.0	51.0	41.0	45.0	116.0	61.0	46.0	61.0	51.0	51.0	71.0	133.0	65.0	97.0	41.0	65.0	31.0	87.0	6.0	41.0	93.0	39.0	49.0	64.0	179.0	20.0	20.0	95.0	51.0	56.0	89.0	97.0	149.0	72.0	113.0	65.0	102.0	40.0	75.0	64.0	81.0	191.0	175.0	116.0	153.0	205.0	97.0	47.0	209.0	311.0	55.0	20.0	77.0	212.0	45.0	196.0	117.0	104.0	198.0	40.0	142.0	61.0	43.0	89.0	77.0	71.0	70.0	101.0	58.0	45.0	71.0	93.0	49.0	69.0	125.0	58.0	38.0	46.0	60.0	71.0	193.0	41.0	64.0	67.0	65.0	74.0	96.0	44.0	55.0	69.0	84.0	30.0	34.0	128.0	63.0	53.0	55.0	47.0	144.0	108.0	184.0	100.0	78.0	91.0	161.0	139.0	110.0	71.0	85.0	85.0	114.0	81.0	102.0	131.0	182.0	65.0	55.0	84.0	92.0	39.0	76.0	125.0	72.0	122.0	106.0	63.0	106.0	80.0	87.0	57.0	54.0	125.0	76.0	70.0	172.0	136.0	59.0	48.0	102.0	207.0	188.0	96.0	98.0	50.0	116.0	381.0	64.0	18.0	41.0	49.0	84.0	80.0	97.0	291.0	150.0	101.0	28.0	121.0	80.0	14.0	81.0	128.0	32.0	139.0	80.0	109.0	145.0	160.0	99.0	124.0	67.0	61.0	49.0	
D00318	17.0	25.0	40.0	38.0	17.0	33.0	30.0	22.0	28.0	12.0	40.0	9.0	34.0	22.0	17.0	52.0	33.0	11.0	6.0	38.0	6.0	11.0	30.0	9.0	82.0	20.0	755.0	26.0	61.0	32.0	26.0	16.0	48.0	7.0	25.0	40.0	27.0	67.0	19.0	45.0	30.0	37.0	18.0	49.0	31.0	148.0	44.0	31.0	13.0	29.0	6.0	12.0	7.0	6.0	11.0	35.0	8.0	48.0	12.0	8.0	27.0	32.0	41.0	30.0	31.0	5.0	29.0	29.0	5.0	15.0	28.0	9.0	39.0	19.0	62.0	6.0	27.0	64.0	36.0	49.0	42.0	26.0	55.0	37.0	20.0	35.0	43.0	30.0	33.0	25.0	56.0	43.0	86.0	79.0	36.0	82.0	23.0	35.0	61.0	26.0	48.0	16.0	15.0	82.0	10.0	47.0	11.0	70.0	21.0	38.0	32.0	17.0	12.0	22.0	67.0	33.0	39.0	29.0	7.0	58.0	27.0	53.0	44.0	24.0	33.0	16.0	28.0	7.0	51.0	58.0	41.0	8.0	7.0	24.0	60.0	18.0	43.0	56.0	27.0	36.0	25.0	25.0	8.0	41.0	25.0	10.0	46.0	7.0	23.0	75.0	36.0	52.0	36.0	82.0	87.0	78.0	22.0	46.0	78.0	28.0	49.0	21.0	20.0	66.0	174.0	38.0	25.0	35.0	40.0	10.0	20.0	46.0	11.0	28.0	24.0	15.0	23.0	25.0	39.0	11.0	26.0	65.0	17.0	15.0	38.0	53.0	11.0	30.0	31.0	51.0	43.0	48.0	43.0	5.0	48.0	300.0	17.0	30.0	10.0	46.0	25.0	15.0	26.0	53.0	58.0	32.0	16.0	39.0	47.0	16.0	32.0	26.0	5.0	18.0	60.0	46.0	16.0	27.0	48.0	20.0	21.0	20.0	31.0	
D00332	5.0	26.0	109.0	68.0	13.0	98.0	28.0	19.0	62.0	4.0	145.0	1.0	20.0	62.0	33.0	47.0	53.0	26.0	19.0	48.0	10.0	21.0	10.0	10.0	94.0	55.0	26.0	215.0	75.0	68.0	49.0	6.0	41.0	18.0	20.0	66.0	15.0	47.0	15.0	135.0	16.0	65.0	40.0	36.0	16.0	126.0	79.0	21.0	22.0	91.0	11.0	29.0	35.0	11.0	24.0	62.0	41.0	37.0	29.0	1.0	16.0	76.0	30.0	80.0	14.0	11.0	10.0	76.0	3.0	23.0	52.0	10.0	59.0	49.0	110.0	10.0	11.0	123.0	24.0	32.0	39.0	36.0	108.0	18.0	25.0	42.0	44.0	16.0	36.0	15.0	71.0	110.0	83.0	40.0	96.0	85.0	22.0	28.0	103.0	94.0	26.0	2.0	73.0	68.0	11.0	113.0	43.0	152.0	65.0	35.0	49.0	13.0	13.0	28.0	24.0	63.0	73.0	65.0	18.0	37.0	63.0	21.0	18.0	17.0	85.0	21.0	38.0	30.0	61.0	26.0	109.0	10.0	5.0	35.0	39.0	24.0	45.0	13.0	36.0	45.0	33.0	17.0	11.0	53.0	44.0	34.0	30.0	39.0	60.0	49.0	56.0	51.0	31.0	128.0	106.0	83.0	25.0	61.0	81.0	35.0	65.0	22.0	64.0	171.0	180.0	72.0	45.0	61.0	61.0	21.0	39.0	44.0	38.0	48.0	20.0	29.0	20.0	35.0	41.0	51.0	18.0	41.0	17.0	55.0	84.0	63.0	30.0	16.0	54.0	55.0	157.0	66.0	33.0	15.0	82.0	235.0	48.0	10.0	20.0	24.0	33.0	63.0	36.0	80.0	88.0	58.0	20.0	33.0	68.0	2.0	37.0	25.0	21.0	41.0	80.0	43.0	28.0	191.0	33.0	91.0	57.0	41.0	46.0	
D00336	67.0	74.0	114.0	46.0	64.0	77.0	137.0	99.0	190.0	83.0	151.0	81.0	83.0	80.0	155.0	116.0	124.0	166.0	104.0	158.0	74.0	96.0	24.0	117.0	325.0	84.0	61.0	75.0	1723.0	139.0	156.0	37.0	205.0	82.0	134.0	238.0	112.0	345.0	101.0	176.0	62.0	134.0	93.0	152.0	29.0	578.0	143.0	127.0	66.0	170.0	78.0	114.0	106.0	78.0	45.0	205.0	111.0	205.0	98.0	63.0	161.0	252.0	208.0	259.0	13.0	13.0	61.0	151.0	8.0	27.0	226.0	105.0	169.0	113.0	212.0	74.0	116.0	181.0	127.0	182.0	251.0	182.0	235.0	207.0	122.0	189.0	217.0	62.0	142.0	139.0	182.0	101.0	217.0	342.0	294.0	197.0	102.0	106.0	222.0	105.0	154.0	35.0	132.0	185.0	96.0	122.0	74.0	230.0	77.0	151.0	139.0	64.0	75.0	68.0	169.0	221.0	182.0	204.0	80.0	29.0	158.0	220.0	203.0	122.0	183.0	188.0	157.0	105.0	149.0	242.0	100.0	121.0	57.0	86.0	196.0	92.0	133.0	151.0	142.0	122.0	190.0	48.0	124.0	155.0	126.0	169.0	96.0	97.0	104.0	186.0	132.0	171.0	173.0	318.0	250.0	213.0	98.0	80.0	218.0	88.0	96.0	77.0	198.0	235.0	608.0	52.0	37.0	159.0	143.0	109.0	106.0	134.0	93.0	126.0	105.0	90.0	153.0	121.0	88.0	131.0	97.0	148.0	113.0	140.0	63.0	247.0	69.0	46.0	157.0	144.0	185.0	184.0	297.0	53.0	360.0	817.0	113.0	24.0	128.0	218.0	190.0	173.0	182.0	221.0	214.0	33.0	49.0	321.0	177.0	67.0	84.0	134.0	81.0	98.0	136.0	196.0	94.0	165.0	149.0	197.0	152.0	93.0	237.0	
D00356	40.0	147.0	438.0	91.0	123.0	473.0	342.0	341.0	91.0	41.0	444.0	52.0	47.0	286.0	100.0	82.0	61.0	149.0	69.0	78.0	38.0	67.0	22.0	117.0	539.0	200.0	32.0	68.0	139.0	3098.0	85.0	21.0	78.0	95.0	111.0	249.0	72.0	174.0	114.0	395.0	47.0	84.0	439.0	134.0	30.0	328.0	483.0	74.0	56.0	144.0	84.0	107.0	74.0	84.0	183.0	69.0	80.0	104.0	91.0	99.0	139.0	224.0	139.0	151.0	27.0	203.0	27.0	149.0	7.0	68.0	138.0	86.0	70.0	84.0	397.0	38.0	59.0	92.0	68.0	84.0	162.0	118.0	234.0	120.0	176.0	126.0	254.0	47.0	106.0	119.0	142.0	519.0	164.0	179.0	243.0	164.0	244.0	54.0	216.0	581.0	205.0	24.0	103.0	488.0	75.0	430.0	273.0	221.0	468.0	60.0	322.0	123.0	56.0	57.0	151.0	151.0	83.0	213.0	92.0	114.0	102.0	129.0	152.0	106.0	303.0	177.0	93.0	90.0	131.0	142.0	561.0	111.0	211.0	74.0	107.0	70.0	261.0	136.0	99.0	75.0	249.0	30.0	106.0	334.0	113.0	93.0	65.0	93.0	562.0	306.0	1841.0	167.0	200.0	170.0	591.0	168.0	353.0	257.0	137.0	72.0	354.0	138.0	192.0	112.0	366.0	109.0	90.0	170.0	105.0	64.0	87.0	131.0	86.0	98.0	285.0	83.0	215.0	100.0	78.0	109.0	60.0	330.0	140.0	85.0	467.0	657.0	117.0	39.0	109.0	468.0	461.0	111.0	189.0	92.0	340.0	1148.0	87.0	22.0	118.0	99.0	249.0	142.0	118.0	1064.0	325.0	271.0	36.0	213.0	117.0	35.0	81.0	264.0	82.0	316.0	102.0	145.0	308.0	103.0	120.0	173.0	121.0	61.0	57.0	
D00364	43.0	31.0	69.0	45.0	25.0	58.0	89.0	62.0	143.0	78.0	88.0	75.0	53.0	65.0	144.0	61.0	72.0	100.0	132.0	122.0	50.0	122.0	13.0	76.0	266.0	62.0	26.0	49.0	156.0	85.0	967.0	24.0	72.0	143.0	73.0	108.0	78.0	160.0	82.0	103.0	35.0	141.0	57.0	90.0	21.0	318.0	88.0	55.0	87.0	118.0	108.0	88.0	110.0	108.0	43.0	69.0	116.0	81.0	62.0	33.0	106.0	173.0	114.0	129.0	19.0	27.0	29.0	102.0	7.0	34.0	180.0	75.0	76.0	71.0	111.0	50.0	53.0	93.0	90.0	79.0	153.0	79.0	132.0	70.0	80.0	108.0	134.0	35.0	65.0	103.0	89.0	64.0	105.0	120.0	192.0	99.0	68.0	60.0	188.0	91.0	101.0	50.0	101.0	95.0	124.0	86.0	52.0	167.0	57.0	57.0	87.0	25.0	31.0	39.0	74.0	114.0	69.0	135.0	111.0	21.0	100.0	123.0	144.0	138.0	160.0	124.0	108.0	127.0	248.0	165.0	63.0	83.0	32.0	45.0	164.0	51.0	84.0	74.0	95.0	77.0	139.0	34.0	72.0	96.0	87.0	84.0	61.0	101.0	98.0	102.0	72.0	105.0	110.0	165.0	111.0	99.0	59.0	59.0	110.0	48.0	38.0	37.0	512.0	119.0	340.0	33.0	22.0	107.0	76.0	141.0	68.0	73.0	82.0	106.0	58.0	49.0	62.0	93.0	50.0	98.0	77.0	88.0	81.0	134.0	60.0	97.0	81.0	36.0	116.0	86.0	111.0	117.0	217.0	45.0	208.0	338.0	70.0	13.0	87.0	140.0	139.0	115.0	79.0	94.0	92.0	20.0	33.0	235.0	101.0	42.0	46.0	82.0	90.0	60.0	92.0	87.0	50.0	96.0	123.0	110.0	122.0	74.0	80.0	
D00371	13.0	15.0	16.0	12.0	14.0	11.0	23.0	18.0	25.0	25.0	16.0	8.0	658.0	16.0	22.0	14.0	13.0	19.0	18.0	25.0	6.0	15.0	24.0	11.0	56.0	23.0	16.0	6.0	37.0	21.0	24.0	329.0	33.0	18.0	19.0	31.0	23.0	56.0	46.0	22.0	10.0	35.0	16.0	30.0	12.0	93.0	32.0	41.0	18.0	16.0	17.0	11.0	6.0	17.0	11.0	23.0	6.0	25.0	19.0	34.0	208.0	27.0	33.0	23.0	8.0	13.0	81.0	18.0	0.0	11.0	44.0	11.0	21.0	10.0	33.0	6.0	13.0	14.0	31.0	29.0	44.0	17.0	32.0	22.0	24.0	23.0	24.0	10.0	39.0	52.0	51.0	17.0	50.0	51.0	29.0	48.0	21.0	18.0	76.0	24.0	27.0	10.0	7.0	58.0	16.0	25.0	7.0	34.0	13.0	26.0	44.0	14.0	12.0	24.0	24.0	22.0	25.0	18.0	18.0	5.0	14.0	44.0	32.0	214.0	22.0	12.0	19.0	14.0	31.0	45.0	15.0	10.0	11.0	16.0	43.0	18.0	42.0	17.0	19.0	29.0	23.0	331.0	9.0	23.0	60.0	8.0	37.0	4.0	23.0	50.0	22.0	24.0	51.0	40.0	60.0	42.0	20.0	24.0	33.0	20.0	25.0	17.0	28.0	12.0	99.0	7.0	4.0	24.0	24.0	15.0	15.0	42.0	14.0	31.0	28.0	11.0	17.0	28.0	33.0	7.0	21.0	44.0	18.0	19.0	14.0	37.0	9.0	332.0	33.0	48.0	21.0	44.0	45.0	6.0	46.0	158.0	9.0	24.0	9.0	36.0	23.0	9.0	17.0	37.0	28.0	12.0	173.0	44.0	23.0	6.0	17.0	25.0	4.0	19.0	48.0	34.0	21.0	3.0	90.0	9.0	17.0	37.0	14.0	
