data	D00035	D00110	D00136	D00195	D00219	D00225	D00227	D00228	D00234	D00252	D00274	D00283	D00293	D00294	D00303	D00319	D00326	D00329	D00331	D00332	D00335	D00336	D00338	D00340	D00345	D00349	D00351	D00354	D00358	D00364	D00367	D00373	D00379	D00380	D00392	D00394	D00418	D00437	D00438	D00451	D00456	D00464	D00474	D00477	D00480	D00495	D00499	D00504	D00512	D00513	D00519	D00521	D00524	D00528	D00530	D00533	D00536	D00537	D00538	D00539	D00542	D00543	D00544	D00545	D00546	D00547	D00548	D00549	D00550	D00552	D00553	D00560	D00563	D00574	D00593	D00594	D00607	D00611	D00615	D00616	D00617	D00618	D00619	D00629	D00631	D00633	D00636	D00638	D00639	D00640	D00642	D00647	D00648	D00649	D00650	D00651	D00654	D00656	D00658	D00677	D00678	D00694	D00697	D00704	D00708	D00709	D00711	D00726	D00732	D00733	D00735	D00738	D00739	D00740	D00741	D00759	D00760	D00761	D00765	D00771	D00775	D00779	D00791	D00798	D00799	D00809	D00812	D00816	D00823	D00831	D00960	D00963	D00964	D01071	D01108	D01111	D01118	D01242	D01243	D01253	D01256	D01275	D01287	D01295	D01350	D01448	D01450	D01453	D01575	D01599	D01603	D01712	D01768	D01799	D01828	D01854	D01969	D02041	D02086	D02087	D02088	D02092	D02098	D02101	D02163	D02173	D02204	D02207	D02234	D02237	D02253	D02261	D02262	D02272	D02347	D02356	D02360	D02362	D02409	D02461	D02485	D02546	D02566	D02630	D02914	D03037	D03180	D03274	D03365	D03450	D03580	D03742	D03826	D03830	D03878	D03991	D04034	D04048	D04370	D04790	D04985	D04999	D05024	D05077	D05156	D05453	D05458	D05461	D06106	D06172	
D00035	1.0	0.499538	0.007133	0.342093	0.045932	0.0	0.001609	0.0	0.037487	0.008263	0.00527	0.0	0.0	0.004238	0.0	0.037631	0.0	0.025492	0.003208	0.0	0.02882	0.035558	0.0	0.006008	0.007117	0.0331	0.086067	0.0	0.0093	0.053725	0.0	0.08869	0.037207	0.054281	0.009301	0.0	0.016339	0.033966	0.03024	0.003586	0.0	0.0	0.007442	0.008762	0.0	0.044291	0.016708	0.024253	0.005714	0.0	0.00528	0.067722	0.0	0.003115	0.0	0.019523	0.007824	0.15772	0.004439	0.010414	0.0	0.0	0.0	0.0	0.0	0.0	0.039618	0.0	0.0	0.072394	0.06894	0.058792	0.026541	0.008739	0.029068	0.092319	8.11E-4	0.021728	0.033296	0.361754	0.029381	0.032051	0.0	0.033072	0.01913	0.0	0.003823	0.059212	0.0	0.045906	0.375236	0.002183	0.044547	0.004944	0.004834	0.004398	0.005401	0.002731	0.004789	0.264905	0.0	0.004183	0.032273	0.0	0.049874	0.024347	0.0	0.007879	0.049443	0.006845	0.07184	0.036713	0.067111	0.051255	0.049716	0.06011	0.009395	0.049168	0.20114	0.0	0.0	0.038733	0.070814	0.077701	0.056735	0.0	0.082717	0.0	0.0	0.119853	0.0	0.215207	0.0	0.013056	9.5E-4	0.198814	0.0	0.001246	0.064187	0.007467	0.004342	0.090073	0.17331	0.0	0.273117	0.068583	0.101543	0.002979	0.033416	0.032473	6.29E-4	0.00129	0.007026	0.036779	0.001631	0.27469	0.0	0.263958	0.008641	0.061991	0.008173	0.005066	0.007396	0.285421	0.088646	0.099199	0.0	0.077032	0.01979	0.050446	0.005539	0.395853	0.402163	0.292904	0.005233	0.0	0.175144	0.233803	0.006474	0.129124	0.02735	0.212415	0.023545	0.0	0.052525	0.039499	0.01682	0.095054	0.067411	0.060773	0.325833	0.190451	0.077039	0.352327	0.026323	0.146566	0.064532	0.165414	0.272669	0.389128	0.010636	0.160091	0.090194	0.064848	0.089681	0.0	0.0	0.001349	0.005937	0.008657	
D00110	0.499538	1.0	0.038793	0.371382	0.048932	0.019013	0.001419	0.012557	0.041674	0.030645	0.02633	0.039865	0.032644	0.004471	0.021011	0.051199	0.024862	0.027256	0.022265	0.0	0.018949	0.023997	0.025379	0.028873	0.027934	0.046049	0.118392	0.003359	0.015233	0.108042	0.011687	0.014982	0.022788	0.031108	0.008202	0.020927	0.027757	0.050091	0.041144	0.007215	0.023234	0.023511	0.035241	0.030017	0.020806	0.039059	0.014734	0.038527	0.032096	0.006747	0.019153	0.062689	0.014942	0.013472	0.014853	0.068629	0.05671	0.188997	0.014361	0.009184	0.0	0.0	0.022391	0.0	0.0	0.015716	0.179191	0.009355	0.010238	0.128956	0.025111	0.048964	0.013549	0.029938	0.019112	0.144447	7.15E-4	0.0	0.065226	0.301865	0.046246	0.047267	0.002671	0.044996	0.160025	0.007484	0.018233	0.004361	0.006035	0.027017	0.304797	0.015985	0.028	0.014584	0.078108	0.065875	0.025958	0.002561	0.017371	0.249946	0.020003	0.018571	0.062839	0.0	0.050235	0.083622	0.033609	0.026438	0.088073	0.018487	0.022416	0.013722	7.75E-4	0.091301	0.0199	0.094863	0.018686	0.076339	0.370776	0.00196	6.65E-4	0.009762	0.008458	0.013126	0.009562	0.021269	0.025972	0.021539	0.023563	0.082993	0.001767	0.319541	0.016694	0.011514	8.38E-4	0.379504	0.022059	0.01283	0.02338	0.029387	0.015748	0.171979	0.129109	0.193518	0.339253	0.038728	0.012426	0.012882	0.021393	0.019888	0.006474	0.001138	0.007856	0.022526	0.018373	0.308133	0.001924	0.342117	0.014154	0.062721	0.013387	0.025308	0.007291	0.309859	0.031322	0.161587	0.0	0.133788	0.044135	9.23E-4	0.004884	0.291129	0.295874	0.233127	0.021453	0.002721	0.237788	0.192612	0.029658	0.239979	0.008501	0.184465	0.022266	0.018782	0.063162	0.010371	0.014833	0.083677	0.120359	0.02026	0.353599	0.277453	0.102148	0.349777	0.096083	0.034402	0.054915	0.123226	0.257272	0.387849	0.00938	0.08229	0.091345	0.065611	0.139727	0.046991	0.012032	0.083327	0.005236	0.014181	
D00136	0.007133	0.038793	1.0	0.001204	0.12398	0.100269	9.08E-4	0.084934	0.294638	0.009059	0.395896	0.142547	0.17986	0.128966	0.087936	0.065102	0.089346	0.194149	0.049949	0.120694	0.039042	0.154788	0.139831	0.061723	0.081686	0.00697	0.211632	0.05279	0.105975	0.152857	0.209884	0.069689	0.066452	0.090598	0.005247	0.016162	0.013542	0.007152	0.014078	0.068866	0.023298	0.123986	0.066048	0.142005	0.003917	0.039474	0.12668	0.016909	0.041308	0.001689	0.024567	0.122813	0.0	0.01548	0.045452	0.094736	0.034648	0.015276	0.004471	0.098483	0.0	0.0	0.0	0.0	0.0	0.0	0.037913	0.026415	0.06879	0.126479	0.009083	0.27557	0.074589	0.274332	0.102983	0.095037	0.173573	0.077038	0.025803	0.083935	0.032349	0.006749	0.105918	0.015396	0.065833	0.021856	0.046864	0.035172	0.0	0.007987	0.007606	0.122922	0.137612	0.042993	0.061639	0.031355	0.055491	0.040009	0.062742	0.023767	0.020058	0.080845	0.186884	0.018473	0.046978	0.009781	0.179723	0.178954	0.142529	0.065792	0.112282	0.027493	0.122787	0.147754	0.10934	0.062648	0.012672	0.022779	0.036602	0.102537	0.082944	0.123784	0.113496	0.061055	0.128315	0.016425	0.00489	0.004055	0.084677	0.023947	0.02227	0.035348	0.081347	0.025108	5.36E-4	0.057184	0.053977	0.014101	0.008457	0.239821	0.065534	0.040265	0.026013	0.10698	3.93E-4	0.072791	0.035206	0.014802	0.037927	0.040286	0.001469	7.28E-4	0.058971	0.045629	0.049188	0.032225	0.079797	0.020524	0.098465	0.091754	0.004611	0.380526	0.065845	0.001004	0.101219	0.008802	0.0148	0.029859	0.043188	0.038496	0.080866	0.013712	0.014311	0.015395	0.058964	0.107911	0.121138	0.022044	0.029982	0.108658	0.229245	0.021272	0.063747	0.76907	0.008402	0.181633	0.116103	0.207494	0.002532	0.093731	0.001509	0.084941	0.009088	0.069078	0.024643	0.089007	0.184172	0.014548	0.024463	0.080403	0.056935	0.056508	0.230911	0.095983	6.97E-4	0.294571	0.002265	0.12194	0.08668	0.004884	
D00195	0.342093	0.371382	0.001204	1.0	6.48E-4	0.002355	0.0	0.083606	0.037521	0.046052	0.021793	0.026566	0.013036	5.95E-4	0.00176	4.8E-4	0.02107	0.020007	5.96E-4	0.0	4.06E-4	0.032325	0.010135	1.81E-4	0.001825	0.001245	0.114441	4.31E-4	0.013128	0.008447	0.017388	0.040277	6.3E-4	6.64E-4	0.012319	0.012919	1.31E-4	0.001277	3.85E-4	0.016279	0.001501	0.002913	0.001853	7.39E-4	0.003665	0.0	0.0	0.003019	0.002846	0.028164	1.59E-4	0.017669	0.0	0.0	5.29E-4	0.017034	0.001948	0.228947	0.00184	0.0	0.0	0.0	0.0	0.0	0.0	0.0	0.076018	7.67E-4	0.008547	0.001087	0.016366	0.014558	0.057592	7.37E-4	4.1E-4	0.114038	0.0	0.0	0.002296	0.27918	0.001479	0.001205	0.03229	4.21E-4	0.002816	5.69E-4	0.010529	0.02403	0.043379	0.042022	0.536576	0.015236	4.47E-4	0.0	0.008172	0.001348	0.007638	0.006146	1.44E-4	0.205295	0.001293	0.001844	1.32E-4	0.0	0.030744	0.059876	0.002172	2.14E-4	7.42E-4	0.029431	0.060047	0.02292	0.050368	7.69E-4	6.66E-4	0.091315	0.009826	0.152615	0.394386	0.00159	5.4E-4	0.036778	0.037818	0.035287	0.034409	0.013129	0.028202	0.013296	0.019969	0.06443	1.18E-4	0.489496	8.59E-4	0.008646	0.0	0.194391	0.003886	0.002067	0.015238	0.002489	0.018578	0.247479	0.128129	0.018126	0.445848	0.018495	0.030804	0.0	0.001655	5.5E-4	0.001043	0.0	0.029615	6.23E-4	0.014805	0.172093	0.026261	0.28624	0.012197	0.033775	0.011537	0.046223	0.03038	0.824921	0.032817	0.48591	0.0	0.134174	0.040356	0.018473	0.0	0.49733	0.516291	0.436286	6.79E-4	0.019666	0.172951	0.253146	0.001007	0.200671	0.013911	0.173258	0.048909	0.001152	0.001068	0.02614	0.0	0.0197	0.112325	0.010109	0.939852	0.377553	0.110578	0.316092	0.110232	0.09679	0.014661	0.122292	0.211312	0.304739	0.0	0.013989	0.162617	0.035332	0.183003	0.019704	0.00212	0.011254	0.0	0.012221	
D00219	0.045932	0.048932	0.12398	6.48E-4	1.0	0.015054	0.003908	0.004793	0.033954	0.071315	0.072642	0.001185	0.037572	0.143063	0.036697	0.04288	0.093221	0.031371	0.109335	0.083224	0.646832	0.804316	0.02921	0.140427	0.160586	0.033176	0.049485	0.005375	0.094183	0.051254	0.01056	0.090295	0.679932	0.244917	0.014686	0.00212	0.051095	0.034044	0.04771	0.096229	0.046468	0.018615	0.147958	0.078794	0.002108	0.062791	0.368488	0.300875	0.04283	9.09E-4	0.150725	0.096621	0.0	0.022333	0.034916	0.179172	0.063254	0.010837	0.115335	0.296913	0.0	0.0	0.0	0.0	0.0	0.0	0.039422	0.014214	0.003553	0.077138	0.060008	0.089235	0.005727	0.28771	0.623972	0.109825	0.07955	0.040195	0.118025	0.068007	0.04699	0.032124	0.025511	0.052177	0.071468	0.016431	0.03079	0.106094	0.0	0.013589	0.015094	0.049767	0.122317	0.068064	0.125111	0.136558	0.126249	0.046251	0.10417	0.072317	0.040005	0.018388	0.045868	0.0	0.218417	0.054756	0.1045	0.062934	0.052683	0.11894	0.241957	0.132977	0.029643	0.054614	0.131707	0.096523	0.011466	0.002909	0.028603	3.82E-4	0.006726	0.107141	0.056954	0.079107	0.064391	0.002155	0.002631	0.002182	0.08835	0.036012	0.015077	0.059175	0.124052	0.196789	0.010362	0.04093	0.002235	0.004215	0.055871	0.036509	0.134945	0.03872	0.104984	0.02908	0.015062	0.045307	0.14261	0.021355	0.075277	0.582684	0.007458	0.003133	0.072745	0.628929	0.058999	0.075319	0.017123	0.023555	0.087508	0.046356	0.043659	0.069822	0.086185	5.41E-4	0.057062	6.57E-4	0.031855	0.015413	0.013691	0.157816	0.110829	0.027211	0.04313	0.046397	0.1739	0.025991	0.010214	0.064943	0.037971	0.070303	0.070384	0.022893	0.05851	0.051564	0.035246	0.034445	0.346365	0.07463	0.020906	0.114568	0.014581	0.034822	0.041295	0.05597	0.011132	0.275686	0.048574	0.078074	0.074437	0.107823	0.135238	0.101499	0.02564	0.048492	0.005756	0.096385	0.001219	0.02515	0.180251	0.046246	
D00225	0.0	0.019013	0.100269	0.002355	0.015054	1.0	0.0	0.071077	0.035183	0.026131	0.055972	0.10573	0.092951	0.065831	0.073178	0.039408	0.025706	0.07761	0.015351	0.0	0.007728	0.064986	0.072264	0.002806	0.045655	0.005253	0.066894	0.140796	0.039525	0.056455	0.146216	0.017604	0.011979	0.00384	0.0	0.023412	0.011527	0.00811	0.003023	0.005237	0.053746	0.327805	0.014421	0.004279	0.023276	0.0	0.0	0.019174	0.084441	0.009139	0.002466	0.091528	0.0	0.0	0.005137	0.03435	0.015161	0.0	0.063243	0.0	0.0	0.0	0.0	0.0	0.0	0.0	0.016168	0.009258	0.647006	0.006288	0.017298	0.01744	0.03211	0.004267	0.007795	0.041357	0.0	0.0	0.016222	0.015572	0.009953	0.007653	0.018192	0.003306	0.069015	8.88E-4	0.016532	5.83E-4	0.033922	0.023037	0.002296	0.00631	0.002586	0.020317	0.018642	0.051009	0.002522	0.039376	0.017789	0.056868	0.04627	0.207507	0.071794	0.0	0.020557	0.0	0.016901	0.071037	0.004295	0.029599	0.014258	0.035603	9.82E-4	0.004452	0.012658	0.021916	0.014883	0.014931	0.0	0.126911	8.43E-4	0.023764	0.009548	0.015423	0.010795	0.023794	0.029056	0.024096	0.024362	0.025905	0.011952	0.0	0.064782	0.0	0.0	0.016445	0.024678	0.021506	0.016106	0.122688	0.002028	0.011242	0.033686	0.131016	0.0	0.005802	0.032241	0.0	0.019735	0.010455	0.006622	0.0	0.019498	0.011842	0.006699	0.007077	0.02343	0.008981	0.036723	0.029224	0.034735	0.053799	9.74E-4	0.001965	0.008286	0.042145	0.0	0.005177	0.018501	0.0	0.0	0.004138	0.004197	0.004515	0.008421	0.018535	0.13305	0.011189	0.007837	0.013703	0.100239	0.0	0.107545	0.127351	0.006783	0.04318	0.0	0.081141	0.001254	0.010687	0.002239	0.005421	0.00427	0.012816	0.027752	0.027845	0.133277	0.032151	0.058535	0.0	0.0	0.038638	0.057367	0.030571	3.45E-4	0.031408	0.013461	0.022757	0.0	0.036793	
D00227	0.001609	0.001419	9.08E-4	0.0	0.003908	0.0	1.0	0.0	0.018505	0.001052	6.71E-4	0.0	0.0	0.001796	0.0	0.001446	0.0	0.0	0.001359	0.0	0.002452	0.003025	0.0	0.017524	0.001393	0.001272	0.02097	0.0	0.046285	7.59E-4	0.0	0.016672	0.002851	0.023475	0.001184	0.0	0.0	0.001305	0.001162	0.088909	0.034629	0.0	9.47E-4	0.001115	0.0	0.001003	0.002126	0.003086	7.27E-4	0.078133	0.015403	0.026965	0.0	0.288172	0.010658	0.002484	9.96E-4	4.21E-4	0.001881	0.001325	0.0	0.0	0.0	0.0	0.0	0.0	0.035648	0.065979	0.017708	0.001639	0.001392	0.177535	0.0	0.001112	0.002473	0.012625	3.44E-4	0.0	0.002347	6.22E-4	0.001129	0.001232	0.021441	0.001271	0.0	0.0	4.87E-4	5.63E-4	0.038708	9.27E-4	0.019614	9.25E-4	0.005432	0.017917	0.014101	0.012828	0.015755	0.001157	0.01397	0.05886	0.029812	5.32E-4	0.018282	0.0	0.00135	0.0	0.0	0.001003	0.001119	0.050991	0.001131	0.041692	0.0	0.00116	0.001004	0.005535	0.016761	0.010723	3.05E-4	0.028996	0.022362	0.0	0.0	0.014606	0.0	0.0	0.0	0.0	0.0	0.009586	0.023921	4.76E-4	0.0	0.001662	4.03E-4	6.85E-4	0.0	0.541519	0.001296	9.5E-4	0.012664	0.013134	0.039447	0.0	0.002877	0.006518	0.037756	0.343358	0.008205	0.002488	0.003763	0.743651	8.94E-4	0.002818	0.137868	0.001139	0.017581	0.179992	0.043005	0.001528	0.040676	6.45E-4	9.41E-4	0.003152	6.16E-4	0.0	0.0	0.006249	0.0	0.035267	0.019158	0.027482	0.032169	0.034606	0.001024	0.021844	0.0	0.0	0.260357	0.001477	0.011589	0.0	0.0	0.0	0.008801	5.03E-4	0.00214	0.001548	0.0	4.81E-4	0.003865	0.01439	0.028998	0.00723	0.008414	0.001112	5.62E-4	0.03765	0.060586	5.28E-4	0.001354	0.001131	0.037293	0.001599	0.004375	0.0	0.0	0.051782	7.56E-4	0.043086	
D00228	0.0	0.012557	0.084934	0.083606	0.004793	0.071077	0.0	1.0	0.047183	0.030604	0.042935	0.091839	0.075023	0.00158	0.030503	0.004657	0.078372	0.062641	0.003719	0.064971	0.001078	0.012791	0.058326	0.003151	0.036037	0.006279	0.073378	0.004189	0.009601	0.031977	0.132453	0.073814	0.01479	0.053277	0.0	0.027419	0.008835	0.009498	0.003742	0.025956	0.013581	0.188964	0.016763	0.059358	0.02726	0.0	0.0	0.022456	0.115622	0.021565	0.00277	0.067505	0.0	0.0	0.00613	0.040063	0.017623	0.0	0.013686	0.0	0.0	0.0	0.0	0.0	0.0	0.0	0.018694	0.011088	0.053663	0.00804	0.087543	0.036133	0.107724	0.005456	0.016415	0.094006	0.052793	0.0	0.01892	0.038562	0.011852	0.008963	0.03821	0.004093	0.048445	0.001509	0.021452	0.037809	0.021844	0.132417	0.024439	0.007822	0.003306	0.0	0.012471	0.04959	0.002833	3.28E-4	0.002512	0.012089	0.011692	0.119618	0.002303	0.0	0.023894	0.09318	0.019645	0.097453	0.005491	0.027579	0.03275	0.023366	0.086757	0.005692	0.001766	0.02246	0.002725	0.071769	0.011789	0.004219	0.001432	0.080198	0.039683	0.064668	0.044864	0.027867	0.094841	0.078653	0.074276	0.017966	0.002059	0.0	0.002278	0.0	0.0	0.026961	0.028903	0.01537	0.081508	0.046175	0.025397	0.017424	0.022108	0.09477	0.0	0.024114	0.02116	0.0	0.014424	0.012908	0.007756	0.0	0.044416	0.11371	0.025781	0.008288	0.030759	0.010439	0.00892	0.136449	0.008437	0.041268	0.044647	0.069755	0.034436	0.069755	0.0	0.026353	0.050406	0.012252	0.0	0.044058	0.04468	0.048065	0.010483	0.038928	0.030999	0.119857	0.009109	0.00958	0.022017	0.0	0.093469	0.067484	0.007944	0.021683	0.0	0.030128	0.018849	0.060599	0.079474	0.037405	0.049457	0.031736	0.031881	0.033042	0.034777	0.0211	0.012443	0.0	0.0	0.044073	0.009236	0.142737	0.005189	0.139849	0.015765	0.111888	0.0	0.008937	
D00234	0.037487	0.041674	0.294638	0.037521	0.033954	0.035183	0.018505	0.047183	1.0	0.038235	0.176531	0.076292	0.048149	0.030324	0.070851	0.011785	0.060588	0.050871	0.069283	0.0	0.036228	0.080068	0.037433	0.018968	0.063186	0.032173	0.064976	0.061024	0.042076	0.164529	0.045688	0.046844	0.056157	0.063736	0.014408	0.049065	0.014782	0.007894	0.00947	0.096468	0.183326	0.043505	0.011454	0.037658	0.037378	0.0	0.035922	0.037447	0.04477	0.040686	5.59E-4	0.204361	0.0	0.0	0.043069	0.030047	0.027693	0.0	0.011374	0.0	0.0	0.0	0.0	0.0	0.0	0.0	0.010845	0.071624	0.026744	0.055343	0.058482	0.294193	0.118243	0.057655	0.063419	0.138289	0.015027	0.036717	0.014189	0.059766	0.022902	0.017131	0.16229	0.010357	0.100714	0.020887	0.006249	0.034134	0.031292	0.05704	0.044277	0.053811	0.034935	0.017076	0.039655	0.022657	0.017053	0.024788	0.01512	0.079542	0.157827	0.027539	0.12301	0.013705	0.049195	0.021341	0.013423	0.022414	0.037797	0.154982	0.10907	0.075715	0.144674	0.039183	0.023724	0.07466	0.061757	0.062776	0.010395	0.15942	0.246361	0.119037	0.051751	0.04104	0.048746	0.034815	0.056748	0.035257	0.057421	0.045604	0.045228	0.005292	0.038484	0.010113	0.0	0.074346	0.02402	0.035409	0.05445	0.054472	0.035283	0.011361	0.083916	0.110407	0.0	0.026201	0.080318	0.0	0.019346	0.049011	0.012934	0.014837	0.024525	0.044077	0.032271	0.020158	0.12759	0.007133	0.039094	0.079646	0.036976	0.169678	0.03514	0.031305	0.044909	0.023851	0.0	0.076038	0.161531	0.042281	0.023817	0.079823	0.08095	0.087082	0.024566	0.165344	0.03821	0.052137	0.006224	0.034216	0.028025	0.0	0.047288	0.315237	0.006602	0.053314	0.036163	0.080442	0.045774	0.049628	0.035667	0.078388	0.009694	0.049187	0.021665	0.152837	0.098303	0.080093	0.081874	0.024977	0.010639	0.040041	0.189676	0.083317	0.012602	0.083687	0.04332	0.097583	0.025529	0.039168	
D00252	0.008263	0.030645	0.009059	0.046052	0.071315	0.026131	0.001052	0.030604	0.038235	1.0	0.022623	0.051564	0.12095	0.088887	0.03241	0.032672	0.032642	0.100988	0.01719	0.0	0.077803	0.096985	0.094032	0.004588	0.06019	0.031743	0.049158	0.009959	0.066934	0.121461	0.063941	0.036515	0.082542	0.05199	0.006078	0.179957	4.79E-4	0.040986	0.026255	0.022215	0.039846	0.032312	0.051116	0.036741	0.144347	0.021103	0.071748	0.198914	0.070078	0.041234	0.004033	0.047503	0.0	0.002036	0.009714	0.554553	0.063179	6.5E-4	0.058588	0.027894	0.0	0.0	0.0	0.0	0.0	0.0	0.034129	0.017707	0.036297	0.012384	0.100055	0.034653	0.065929	0.026101	0.066721	0.050623	0.017985	0.0	0.05796	0.025182	0.05483	0.038675	0.002838	0.028714	0.061068	0.018387	0.018897	0.013213	0.036066	0.100014	0.020676	0.012458	0.004402	0.035183	0.051366	0.035615	0.017777	0.002236	0.003658	0.061291	0.034304	0.023188	0.006854	0.0	0.072864	0.0	0.036542	0.031393	0.008458	0.047695	0.008547	0.060292	0.002298	0.008768	0.007588	0.037406	0.012679	0.025456	0.001569	0.005809	0.001971	0.061136	0.087683	0.03199	0.099132	0.142314	0.223341	0.144123	0.030936	0.024263	4.33E-4	0.002443	0.015444	0.042849	6.21E-4	0.050011	0.153046	0.082201	0.093157	0.097356	0.037004	0.018288	0.057046	0.070653	4.55E-4	0.057711	0.0546	0.001947	0.044888	0.072039	0.02809	8.43E-4	0.009513	0.06374	0.006004	0.088679	0.001539	0.037952	0.062191	0.05063	0.058823	0.021745	0.007113	0.038423	0.079251	0.046735	0.0	0.028043	0.475996	0.023219	0.014836	0.037275	0.038271	0.04117	0.01405	0.002892	0.046924	0.006412	0.021176	0.092872	0.03425	0.0	0.104896	0.004206	0.037082	0.005015	0.07223	0.144864	0.026667	0.002844	0.044199	0.019696	0.023816	0.020724	0.084941	0.082635	0.10355	0.054447	0.063088	0.002714	0.045677	0.043058	0.031152	0.052963	0.007342	0.030278	0.056259	0.001328	0.035087	0.062309	
D00274	0.00527	0.02633	0.395896	0.021793	0.072642	0.055972	6.71E-4	0.042935	0.176531	0.022623	1.0	0.073225	0.099937	0.070053	0.037774	0.044177	0.052208	0.104272	0.087509	0.051481	0.034468	0.119003	0.077695	0.043258	0.144107	0.004817	0.064641	0.055879	0.032002	0.061008	0.062848	0.053749	0.050317	0.067056	0.003877	0.010954	0.039367	0.004943	0.007249	0.011653	0.014692	0.069211	0.034666	0.222792	0.001913	0.0175	0.024182	0.061672	0.025953	0.021072	0.01609	0.060538	0.0	0.011437	0.020606	0.053311	0.038452	4.14E-4	0.002811	0.023132	0.0	0.0	0.0	0.0	0.0	0.0	0.022586	0.010046	0.04569	0.261935	0.005982	0.171039	0.004386	0.22224	0.04069	0.070165	0.092033	0.0	0.016829	0.043833	0.013031	0.004664	0.103773	0.007927	0.036991	0.011493	0.031471	0.032601	0.025459	0.028167	0.01124	0.117022	0.066697	0.138208	0.043297	0.021125	0.038891	0.066404	0.029147	0.026377	0.012648	0.045556	0.189142	0.0	0.030271	0.012989	0.065644	0.446921	0.20549	0.138734	0.19043	0.018608	0.130325	0.213023	0.054061	0.076542	0.047466	0.034918	0.013587	0.07082	0.056868	0.0125	0.040096	0.047089	0.045331	0.037015	0.002388	0.00198	0.04948	0.011545	0.024901	0.008303	0.053077	0.030677	3.96E-4	0.026972	0.025629	0.009866	0.00557	0.109665	0.026423	0.029869	0.003304	0.037498	0.013495	0.027189	0.016851	0.010936	0.065458	0.043914	8.06E-4	5.38E-4	0.139011	0.049738	0.079544	0.004313	0.091134	0.013225	0.029734	0.008679	0.003407	0.961178	0.134495	0.018182	0.03681	0.066927	0.012488	0.058017	0.001521	0.027393	0.002309	0.020264	0.020849	0.022429	0.023374	0.105725	0.10343	0.099028	0.02046	0.119358	0.136439	0.0	0.016818	0.390094	0.005922	0.085375	0.024344	0.143186	0.001237	0.016775	0.020985	0.022691	0.021996	0.036074	0.004815	0.094023	0.115207	0.003153	0.02715	0.001731	0.015395	0.007988	0.141011	0.009079	3.4E-4	0.062118	0.001106	0.109095	0.014711	0.003609	
D00283	0.0	0.039865	0.142547	0.026566	0.001185	0.10573	0.0	0.091839	0.076292	0.051564	0.073225	1.0	0.105471	0.412214	0.025199	0.0694	0.014566	0.126662	0.015757	0.0	7.44E-4	0.065894	0.081998	5.02E-4	0.074669	0.026582	0.126824	0.041535	0.171029	0.128334	0.127315	0.076806	0.014838	0.001214	0.055056	0.056927	0.060066	0.030464	0.022205	0.024302	0.011171	0.15906	0.013789	0.050457	0.04593	0.032196	0.0	0.022467	0.087868	0.026798	4.41E-4	0.123199	0.0	0.0	0.020455	0.060915	0.014497	0.0	0.032427	0.0	0.0	0.0	0.0	0.0	0.0	0.0	0.013056	0.007051	0.100203	0.001988	0.10567	0.068434	0.078409	0.001349	0.118696	0.094696	0.017779	0.099247	0.035921	0.058159	0.045148	0.028747	0.017355	0.024284	0.039517	0.001041	0.039202	6.83E-4	0.039748	0.026995	0.015366	0.01418	0.030492	0.023807	0.010344	0.009411	4.51E-4	0.08997	0.018624	0.023548	0.009618	0.100689	0.039711	0.0	0.0391	0.013193	0.01616	0.124104	0.050643	0.070186	0.03395	0.137819	0.053014	0.0525	0.090105	0.017198	0.019418	0.008346	0.012299	0.148711	9.87E-4	0.048172	0.096101	0.06729	0.108649	0.057855	0.057336	0.047549	0.013805	0.027345	0.012184	0.015275	0.001571	0.038644	0.0	0.090779	0.092432	0.035719	0.098385	0.127472	3.62E-4	0.003318	0.130398	0.176671	0.0	0.058399	0.124807	0.0	0.02848	0.01295	0.00776	0.0	0.092336	0.014667	0.003312	0.03701	0.024206	0.020336	0.158908	0.12918	0.104499	0.070383	0.074289	0.022165	0.083395	0.009455	0.0	0.001434	0.108207	0.025563	0.0	0.027701	0.028092	0.03022	0.008618	0.017682	0.099961	0.022079	0.007493	0.029446	0.157289	0.0	0.061081	0.076006	0.025479	0.152976	0.0	0.11423	0.036354	0.063234	0.025254	0.015098	0.023833	0.047865	0.041085	0.101798	0.083535	0.124457	0.024238	0.0	0.021734	0.016472	0.048779	0.135134	0.010009	0.276179	0.015773	0.048428	0.0	0.110693	
D00293	0.0	0.032644	0.17986	0.013036	0.037572	0.092951	0.0	0.075023	0.048149	0.12095	0.099937	0.105471	1.0	0.184005	0.020708	0.081123	0.029605	0.834953	0.041286	0.089296	0.006184	0.200935	0.777444	0.049499	0.092067	0.019575	0.099572	0.060242	0.031546	0.135422	0.141727	0.024371	0.009586	0.05534	0.087097	0.15229	4.79E-4	0.024285	0.020971	0.006915	0.095393	0.139503	0.117744	0.061656	0.134673	0.029289	0.031058	0.027224	0.028802	0.01096	0.021739	0.037592	0.0	0.015868	0.027573	0.178126	0.045813	0.0	0.016593	0.038716	0.0	0.0	0.0	0.0	0.0	0.0	0.04514	0.024112	0.099605	0.090611	0.049433	0.091632	0.038555	0.148579	0.065365	0.063997	0.107306	0.0	0.048819	0.017251	0.030336	0.022916	0.024224	0.022935	0.028507	0.018692	0.07104	0.045921	0.027074	0.141251	0.005586	0.036329	0.037261	0.099732	0.101516	0.029064	0.099969	0.044484	0.055115	0.031426	0.082125	0.088309	0.032989	0.0	0.227745	0.132576	0.211714	0.122408	0.061884	0.019814	0.01141	0.07572	0.025544	0.064153	0.010129	0.045949	0.003954	0.037042	0.0	0.121063	0.021914	0.015286	0.096635	0.021351	0.109252	0.069622	0.189004	0.070507	0.028058	0.007546	0.00283	0.04549	0.013066	0.10192	0.0	0.01209	0.142789	0.088872	0.046025	0.342344	0.028199	0.105485	0.071643	0.040954	0.0	0.058723	0.068571	0.015173	0.017934	0.008366	0.009403	0.0	0.002805	0.009476	0.025893	0.010049	0.01539	0.027139	0.029311	0.020437	0.027723	0.096057	0.009495	0.010877	0.083858	0.01323	0.0	0.023537	0.054137	0.075098	0.020592	0.01007	0.010212	0.010986	0.064963	0.02468	0.120298	0.009961	0.036057	0.035908	0.166276	0.0	0.035087	0.086069	0.020311	0.136325	0.031266	0.373959	0.026621	0.002454	0.012392	0.021209	0.005638	0.014197	0.0236	0.050718	0.247943	0.068379	0.032347	0.0	0.019772	0.024853	0.010345	0.021379	0.007329	0.020202	0.019113	0.064596	0.022072	0.029366	
D00294	0.004238	0.004471	0.128966	5.95E-4	0.143063	0.065831	0.001796	0.00158	0.030324	0.088887	0.070053	0.412214	0.184005	1.0	0.020973	0.056367	0.007969	0.153636	0.083024	0.0	0.098093	0.209847	0.143054	0.105024	0.067809	0.004008	0.119845	0.047274	0.060099	0.152562	0.093259	0.038226	0.136641	0.144734	0.003117	0.001948	0.021449	0.004113	0.007475	0.081627	7.93E-4	0.081403	0.016343	0.027464	0.03929	0.016263	0.034489	0.030693	0.078572	8.35E-4	0.081567	0.006724	0.0	0.003477	0.004787	0.108278	0.003652	0.008851	0.101045	0.021497	0.0	0.0	0.0	0.0	0.0	0.0	0.003289	0.008784	0.06239	0.040361	0.072139	0.018501	0.001887	0.042501	0.13406	0.011508	0.015213	0.0	0.066723	0.007007	0.007846	0.003881	0.01734	0.008175	0.001488	0.006517	0.001947	0.013408	0.0	0.004359	0.002529	0.039788	0.029872	0.028484	0.085211	0.068576	0.094421	0.094618	0.104257	0.002505	6.83E-4	0.052932	0.003474	0.0	0.023296	0.052041	0.064206	0.082675	0.027565	0.015322	0.011569	0.054136	0.020867	0.028576	0.044968	0.063604	0.001131	0.011265	8.04E-4	0.101068	0.017902	7.2E-4	0.03441	0.03349	0.038903	0.00198	0.002418	0.002005	0.007553	1.81E-4	1.85E-4	0.028276	0.009836	0.015664	0.008462	0.011825	0.041658	0.034612	0.067166	0.169057	0.075896	0.003064	0.051221	0.002219	0.013065	0.023181	0.049025	0.003324	9.63E-4	0.119254	0.006152	0.00144	0.002653	0.135068	0.002535	0.049058	0.010729	0.002163	0.05584	0.072874	0.052816	0.067334	0.009627	4.97E-4	0.031482	6.04E-4	0.0	0.010449	0.00154	0.019641	0.011433	0.00456	0.0181	0.019471	0.017435	0.017666	0.088588	0.005782	0.004599	0.054529	0.120475	0.0	0.001832	0.067538	0.004878	0.064155	0.034721	0.144501	0.001252	0.001426	0.01268	8.13E-4	0.015981	0.005766	0.002802	0.066086	0.115683	0.048887	0.002579	0.001392	0.021957	0.00415	0.001992	0.076233	3.45E-4	9.51E-4	0.00112	0.001696	0.012256	0.055946	
D00303	0.0	0.021011	0.087936	0.00176	0.036697	0.073178	0.0	0.030503	0.070851	0.03241	0.037774	0.025199	0.020708	0.020973	1.0	0.072559	0.062084	0.029742	0.031285	0.024247	0.136688	0.027485	0.0161	0.03775	0.013739	0.098653	0.02862	0.005024	0.02591	0.085312	0.03025	0.055868	0.033061	0.026149	0.041681	0.068171	3.06E-4	0.083177	0.090053	0.028724	0.073299	0.090488	0.017218	0.020653	0.118511	0.064501	0.089953	0.023781	0.14424	0.088596	0.018704	0.312302	0.138495	0.0	0.033477	0.041727	0.240768	0.018723	0.035008	0.013476	0.0	0.0	0.0	0.0	0.0	0.073876	0.018786	0.118116	0.033263	0.007073	0.070484	0.106064	0.089698	0.053615	0.095597	0.056774	0.017779	0.057008	0.047195	0.048407	0.082053	0.119499	0.074132	0.076104	0.143203	0.001328	0.016	0.011022	0.054283	0.028573	0.00194	0.031245	0.037711	0.0	0.048704	0.032253	0.033939	0.01152	0.030093	0.033842	0.063104	0.057281	0.008333	0.013674	0.024543	0.158332	0.048886	0.017521	0.02073	0.028646	0.035075	0.008194	0.001468	0.02149	0.041348	0.033786	0.011867	0.015304	0.0	0.002119	0.00126	0.025662	0.053244	0.048946	0.060196	0.039248	0.036037	0.029886	0.058839	0.025896	0.132997	0.0	0.048838	0.061991	0.0	0.08177	0.12892	0.06682	0.065625	0.073973	0.02728	0.01766	0.007753	0.128833	0.041569	0.032355	0.00742	0.0	0.014782	0.028854	0.008214	0.0	0.014497	0.03268	0.057382	0.008778	0.060284	0.010723	0.024073	0.030519	0.055584	0.036307	0.014827	0.001469	0.046204	0.007729	0.009396	0.027449	0.059727	0.0	0.05964	0.003498	0.003547	0.003816	0.008859	0.075527	0.072878	0.010748	0.009357	0.031212	0.053445	0.011817	0.090131	0.118017	0.022086	0.027438	0.090557	0.038417	0.074374	0.052388	0.001673	0.004582	0.009908	0.049776	0.031156	0.051641	0.077826	0.007399	0.034833	0.029312	0.088605	0.09781	0.031268	0.031926	0.033419	0.070768	0.077814	0.012966	0.063928	0.058879	
D00319	0.037631	0.051199	0.065102	4.8E-4	0.04288	0.039408	0.001446	0.004657	0.011785	0.032672	0.044177	0.0694	0.081123	0.056367	0.072559	1.0	0.010511	0.067734	0.003632	0.018495	0.036911	0.077466	0.063068	0.005628	0.050831	0.590571	0.061768	0.158635	0.010982	0.132949	0.086115	0.005556	0.034994	0.017437	0.138196	0.022617	1.65E-4	0.599527	0.566696	0.015105	0.004039	0.048729	0.011676	0.014697	0.022486	0.052666	0.081656	0.082716	0.023558	0.100977	0.048424	0.03034	0.035376	0.0028	0.044278	0.047371	0.08568	0.034817	0.022867	0.00936	0.0	0.0	0.022822	0.064271	0.0	0.016019	0.067616	0.071991	0.037348	0.124953	0.127117	0.018713	0.033459	0.014658	0.177871	0.025878	7.29E-4	0.024988	0.605278	0.0619	0.523311	0.58233	0.022964	0.602623	0.026977	0.005249	0.006129	0.016609	0.002251	0.030035	0.002037	0.007621	0.013431	0.038259	0.032495	0.093432	0.00506	0.032944	0.014501	0.042552	0.003478	0.062597	0.058169	0.0	0.132302	0.013562	0.005843	0.059912	0.085339	0.010972	0.050112	0.009892	0.031059	0.088467	0.083433	0.043481	0.034667	0.010194	0.017757	0.055599	0.004978	0.003663	0.017634	0.004868	0.019937	0.05374	0.02807	0.054423	0.009962	0.001349	0.030042	0.042236	0.007922	0.161837	8.54E-4	0.038106	0.05061	0.022712	0.118354	0.10972	0.036313	0.018985	0.009359	0.011297	6.26E-4	0.030879	0.008958	0.002677	0.00433	0.030541	0.003371	0.00116	0.069071	0.034591	0.020668	0.011045	0.01602	0.0169	0.010204	0.095312	0.026629	0.042462	0.078211	4.0E-4	0.029699	4.87E-4	0.0	0.004454	0.041788	9.41E-4	0.049161	0.003673	0.00437	0.004702	0.010969	0.023396	0.138102	0.004657	0.008529	0.062413	0.06616	0.009014	0.009327	0.040967	0.570821	0.065565	0.082204	0.092213	0.017331	0.0403	0.001036	6.55E-4	0.020695	0.058523	0.020208	0.038675	0.066353	0.008933	0.043799	0.016653	0.071709	0.106519	0.031865	0.099705	0.014644	0.004841	0.034906	0.001366	0.052695	0.028207	
D00326	0.0	0.024862	0.089346	0.02107	0.093221	0.025706	0.0	0.078372	0.060588	0.032642	0.052208	0.014566	0.029605	0.007969	0.062084	0.010511	1.0	0.024719	0.004497	0.056949	0.071349	0.08825	0.124953	0.00381	0.019641	0.022036	0.012049	0.009455	0.009153	0.02717	0.0222	0.021441	0.087052	0.012691	0.0	0.029245	4.21E-4	0.010131	0.020974	0.006084	0.014829	0.031786	0.018304	0.01414	0.029075	0.0	0.026345	0.023951	0.036767	0.059549	0.037259	0.175975	0.0	0.0	0.024501	0.043288	0.019243	0.0	0.014598	0.0	0.141921	0.206476	0.141642	0.213874	0.255549	0.340711	0.020743	0.021212	0.082744	0.02078	0.021608	0.121992	0.019577	0.041662	0.071962	0.025047	0.0	0.020258	0.020443	0.076721	0.029141	0.009559	0.036643	0.022938	0.047701	0.007616	0.009736	0.317414	0.024305	0.144355	0.010308	0.03803	0.055963	0.0	0.136328	0.050434	0.128494	0.026708	0.003037	0.0132	0.012766	0.020121	0.002785	0.053366	0.026091	0.0	0.021451	0.004503	0.014192	0.031539	0.186783	0.008245	0.023783	0.014712	0.149557	0.022496	0.00777	0.04616	0.0	0.002912	0.26027	0.013448	0.269786	0.018784	0.305012	0.029722	0.206031	0.170863	0.947744	0.289025	0.046241	0.0	0.176864	0.0	0.0	0.077686	0.030827	0.016393	0.020119	0.092604	0.002754	0.020041	0.007801	0.076243	0.0	0.163944	0.007467	0.0	0.015777	0.075974	0.008273	0.0	0.055494	0.086049	0.079206	0.00884	0.026111	0.011399	0.008505	0.01798	0.008044	0.050181	0.086676	0.017579	0.234115	0.021382	0.0	0.054755	0.041562	0.0	0.017467	0.018583	0.018845	0.020273	0.05341	0.037332	0.021472	0.085912	0.009947	0.049853	0.233092	0.027754	0.181412	0.225696	0.008473	0.033182	0.026522	0.043666	0.002576	0.057901	0.020028	0.019036	0.014992	0.086481	0.020763	0.200977	0.045481	0.007446	0.013587	0.11628	0.0	0.021865	0.009101	0.018808	7.09E-4	0.017773	0.016815	0.038524	0.018723	0.008521	
D00329	0.025492	0.027256	0.194149	0.020007	0.031371	0.07761	0.0	0.062641	0.050871	0.100988	0.104272	0.126662	0.834953	0.153636	0.029742	0.067734	0.024719	1.0	0.034472	0.074558	0.005164	0.167771	0.649129	0.041329	0.076871	0.016344	0.106152	0.050299	0.189617	0.113071	0.118336	0.051673	0.008004	0.046206	0.072722	0.138956	4.0E-4	0.020277	0.01751	0.0285	0.079649	0.116479	0.098311	0.284095	0.112445	0.024455	0.09935	0.022731	0.024048	0.009151	0.018151	0.042412	0.015481	0.013249	0.041081	0.148726	0.038252	0.0	0.013854	0.059438	0.0	0.0	0.0	0.0	0.0	0.0	0.03769	0.020132	0.16119	0.075656	0.041274	0.086079	0.046649	0.124057	0.074969	0.053435	0.089596	0.0	0.040762	0.044538	0.042217	0.019134	0.049741	0.019149	0.032817	0.015607	0.126441	0.04726	0.022606	0.117938	0.00994	0.044697	0.124075	0.083272	0.084761	0.024267	0.083469	0.037142	0.046019	0.026239	0.06857	0.073734	0.035313	0.0	0.211546	0.110695	0.176771	0.311387	0.20607	0.136724	0.107353	0.063223	0.036358	0.213625	0.038488	0.047687	0.010689	0.030928	0.006249	0.101082	0.018297	0.023787	0.137524	0.045271	0.142775	0.089713	0.176334	0.05887	0.023427	0.014904	0.002363	0.037982	0.010909	0.085098	0.0	0.010094	0.235915	0.074204	0.038429	0.285841	0.023545	0.088075	0.075799	0.068848	0.0	0.076742	0.072548	0.012669	0.014974	0.006986	0.007851	0.0	0.125693	0.007912	0.021619	0.00839	0.037052	0.02266	0.176178	0.083165	0.023148	0.100224	0.137772	0.016693	0.119341	0.03032	0.009452	0.02664	0.045202	0.076763	0.06587	0.01792	0.018173	0.01955	0.054241	0.050677	0.100443	0.008317	0.030106	0.097902	0.206215	0.0	0.029296	0.099905	0.016959	0.146129	0.100017	0.350039	0.022228	0.009665	0.019018	0.03017	0.01738	0.036654	0.019705	0.05997	0.234439	0.072345	0.027008	0.0	0.016509	0.038675	0.033715	0.086998	0.00612	0.061418	0.015958	0.053935	0.018429	0.02452	
D00331	0.003208	0.022265	0.049949	5.96E-4	0.109335	0.015351	0.001359	0.003719	0.069283	0.01719	0.087509	0.015757	0.041286	0.083024	0.031285	0.003632	0.004497	0.034472	1.0	0.094814	0.067503	0.083022	0.032097	0.252868	0.049122	0.003194	0.032857	6.73E-4	0.002359	0.020688	0.012414	0.004438	0.091071	0.188852	0.00236	0.013523	0.01152	0.016091	0.014326	0.125008	0.030446	0.018982	0.027833	0.044923	0.001938	0.001999	0.004239	0.026705	0.004991	0.017307	0.1467	0.034434	0.0	0.01818	0.028696	0.040269	0.048807	0.019985	0.112171	0.002642	0.0	0.0	0.0	0.0	0.0	0.0	0.028865	0.117983	0.014549	0.066019	0.004216	0.024383	0.015653	0.044803	0.060489	0.095871	0.015611	0.0	0.088375	0.002527	0.021439	0.015184	0.047732	0.015667	0.012345	0.076264	0.023417	0.033382	0.0	0.034058	0.020017	0.075406	0.091151	0.054169	0.186821	0.130453	0.198581	0.046355	0.190762	0.020072	0.026211	0.013077	0.045055	0.015463	0.039675	0.0	0.072247	0.11886	0.087276	0.106924	0.003425	0.002125	0.045004	0.046742	0.00304	0.087103	0.027167	0.021715	6.09E-4	0.019776	0.009713	0.002668	0.001468	0.003888	0.00166	0.013743	0.016783	0.013918	0.004262	0.011698	0.048368	9.48E-4	0.009294	0.003312	0.011203	0.049053	0.002055	0.002146	0.003925	0.014218	0.194704	0.025675	0.002011	0.004224	0.013406	0.051122	0.001925	0.017384	0.015519	0.079482	0.014514	0.00109	0.018538	0.078485	0.061125	0.009857	0.047647	0.017334	0.002192	0.006768	0.002073	0.084112	0.00285	0.017734	0.037139	6.05E-4	0.0	0.05547	0.010686	0.020154	0.001405	0.002302	0.016162	0.017387	0.0166	0.04863	0.003708	0.001387	0.029304	0.056057	0.039986	0.080465	0.004314	0.017659	0.055126	0.007519	0.004267	0.063983	0.001253	0.075884	0.012996	0.003016	0.017678	0.069746	0.044936	0.004519	0.038761	0.001919	0.020661	0.041159	0.002698	0.006594	0.016954	0.00708	0.088478	0.003527	0.014429	0.238568	0.001506	0.002196	
D00332	0.0	0.0	0.120694	0.0	0.083224	0.0	0.0	0.064971	0.0	0.0	0.051481	0.0	0.089296	0.0	0.024247	0.018495	0.056949	0.074558	0.094814	1.0	0.052219	0.064428	0.069423	0.049207	0.015257	0.016269	0.0	0.0	0.0	0.0	0.0	0.050849	0.108869	0.029412	0.0	0.0	0.052365	0.05694	0.050696	0.019432	0.0	0.0	0.157835	0.0	0.0	0.167077	0.141343	0.039468	0.018598	0.080089	0.016338	0.13261	0.0	0.0	0.021786	0.0	0.035929	0.083484	0.024055	0.220849	0.0	0.0	0.0	0.0	0.0	0.0	0.0	0.0	0.0	0.0	0.0	0.0	0.0	0.247032	0.016328	0.244012	0.195752	0.078612	0.015004	0.0	0.049255	0.05373	0.046722	0.055442	0.040158	0.0	0.014299	0.157374	0.0	0.17613	0.034448	0.053641	0.273677	0.0	0.039593	0.013607	0.044239	0.046234	0.056526	0.0	0.0	0.013614	0.0	0.075188	0.0	0.07454	0.209507	0.0	0.0	0.025601	0.232316	0.090815	0.02788	0.0	0.029506	0.045554	0.034582	0.0	0.049366	0.0	0.0	0.059277	0.0	0.044549	0.0	0.048206	0.0	0.0	0.053973	0.01596	0.0	0.068563	0.0	0.113266	0.00882	0.070881	0.0	0.0	0.0	0.086316	0.051243	0.00877	0.059287	0.0	0.006466	0.089174	0.110613	0.0	0.08251	0.046273	0.005838	0.0	0.026277	0.052409	0.071473	0.069232	0.038312	0.0	0.0	0.069418	0.0	0.049482	0.0	0.031685	0.063671	0.0	0.063993	0.0	0.0	0.137482	0.093712	0.0	0.006669	0.007174	0.0	0.047601	0.0	0.0	0.0	0.132557	0.136732	0.201024	0.049428	0.076964	0.070427	0.073269	0.110839	0.038977	0.0	0.390386	0.005995	0.066755	0.006785	0.21623	0.06163	0.062069	0.028271	0.028293	0.0	0.282667	0.070092	0.062186	0.05269	0.072617	0.17906	0.173591	0.0	0.128407	0.10045	0.0	
D00335	0.02882	0.018949	0.039042	4.06E-4	0.646832	0.007728	0.002452	0.001078	0.036228	0.077803	0.034468	7.44E-4	0.006184	0.098093	0.136688	0.036911	0.071349	0.005164	0.067503	0.052219	1.0	0.68529	0.004808	0.067935	0.104655	0.040081	0.021847	0.058447	0.04215	0.073942	0.004637	0.054353	0.484998	0.146377	0.009215	0.044436	0.032059	0.030392	0.037977	0.075296	0.051553	0.009556	0.105561	0.030968	0.001322	0.048698	0.309705	0.269277	0.025037	0.034288	0.082217	0.080001	0.0	0.034592	0.063026	0.074056	0.023194	0.0068	0.072366	0.194789	0.0	0.0	0.0	0.0	0.0	0.0	0.124098	0.005997	6.01E-4	0.021254	0.069831	0.055919	0.02151	0.169227	0.539164	0.057889	0.078606	0.02522	0.072453	0.051278	0.049808	0.028679	0.014527	0.041532	0.058973	0.09633	0.022738	0.124005	0.0	0.050943	0.008629	0.045718	0.065585	0.033873	0.077397	0.089157	0.061076	0.02902	0.054155	0.034061	0.044382	0.010193	0.018379	0.0	0.155185	0.034356	0.047181	0.022877	0.014516	0.134925	0.186066	0.093325	0.0186	0.015048	0.113045	0.063112	0.015197	0.001825	0.010741	2.4E-4	0.00422	0.065468	0.047404	0.047619	0.053593	0.045161	0.055149	0.045735	0.067621	0.030157	0.081381	0.014684	0.132118	0.148399	0.006501	0.079249	0.001402	0.002645	0.065017	0.051684	0.074512	0.018635	0.075228	0.028206	0.00945	0.035518	0.098436	0.033077	0.054094	0.416551	0.01649	0.001966	0.058015	0.431511	0.035192	0.051725	0.00953	0.005008	0.039162	0.034244	0.051433	0.03313	0.067099	3.39E-4	0.045928	4.13E-4	0.019987	0.038104	0.025089	0.136064	0.100438	0.015557	0.025524	0.027457	0.103911	0.0148	0.004485	0.040748	0.031348	0.066342	0.048819	0.0	0.034475	0.038951	0.029669	0.021612	0.296351	0.021176	0.013118	0.078578	0.009149	0.019862	0.024346	0.042202	0.018684	0.216984	0.019757	0.057918	0.035059	0.055186	0.120802	0.060827	0.038867	0.035823	0.003611	0.058153	0.024772	0.002186	0.146218	0.054481	
