	D00035	D00110	D00136	D00195	D00219	D00225	D00227	D00228	D00234	D00252	D00274	D00283	D00293	D00294	D00303	D00319	D00326	D00329	D00331	D00332	D00335	D00336	D00338	D00340	D00345	D00349	D00351	D00354	D00358	D00364	D00367	D00373	D00379	D00380	D00392	D00394	D00418	D00437	D00438	D00451	D00456	D00464	D00474	D00477	D00480	D00495	D00499	D00504	D00512	D00513	D00519	D00521	D00524	D00528	D00530	D00533	D00536	D00537	D00538	D00539	D00542	D00543	D00544	D00545	D00546	D00547	D00548	D00549	D00550	D00552	D00553	D00560	D00563	D00574	D00593	D00594	D00607	D00611	D00615	D00616	D00617	D00618	D00619	D00629	D00631	D00633	D00636	D00638	D00639	D00640	D00642	D00647	D00648	D00649	D00650	D00651	D00654	D00656	D00658	D00677	D00678	D00694	D00697	D00704	D00708	D00709	D00711	D00726	D00732	D00733	D00735	D00738	D00739	D00740	D00741	D00759	D00760	D00761	D00765	D00771	D00775	D00779	D00791	D00798	D00799	D00809	D00812	D00816	D00823	D00831	D00960	D00963	D00964	D01071	D01108	D01111	D01118	D01242	D01243	D01253	D01256	D01275	D01287	D01295	D01350	D01448	D01450	D01453	D01575	D01599	D01603	D01712	D01768	D01799	D01828	D01854	D01969	D02041	D02086	D02087	D02088	D02092	D02098	D02101	D02163	D02173	D02204	D02207	D02234	D02237	D02253	D02261	D02262	D02272	D02347	D02356	D02360	D02362	D02409	D02461	D02485	D02546	D02566	D02630	D02914	D03037	D03180	D03274	D03365	D03450	D03580	D03742	D03826	D03830	D03878	D03991	D04034	D04048	D04370	D04790	D04985	D04999	D05024	D05077	D05156	D05453	D05458	D05461	D06106	D06172
D00035	1	0.1706355	0.052085	0.1112615	0.101528	0.0172415	0.007405	0.0555555	0.0573315	0.03125	0.0580855	0.0535715	0.0185185	0.00901	0	0.03896	0	0.024911	0.0649375	0.2142855	0.077013	0.073924	0.016129	0.0495785	0.0503385	0.036721	0.0904305	0	0.02778	0.071118	0.0384615	0.1074255	0.0889425	0.032895	0.033335	0.0357145	0.08782	0.036835	0.0317435	0.00709	0.0555555	0.0185185	0.0740245	0.026315	0	0.05	0.040789	0.02469	0.046256	0	0.005815	0.066345	0	0.0101	0	0.039431	0.02778	0.0751095	0.0101	0.098215	0	0	0	0	0	0	0.039475	0	0.0166665	0.05357	0.048385	0.0643215	0.073515	0.093822	0.0554015	0.1383445	0.047705	0.0989585	0.027511	0.0814135	0.028293	0.0340605	0	0.0349265	0.0549875	0	0.017855	0.1491655	0	0.03846	0.106945	0.007575	0.048617	0.02381	0.034688	0.00463	0.0436715	0.0454065	0.0435615	0.1547635	0.05	0.067545	0.0431665	0	0.093074	0.1025205	0.068182	0.02439	0.039475	0.022725	0.1081855	0.1274965	0.0613545	0.04054	0.03846	0.0487495	0.0329235	0.0510825	0.087821	0	0	0.0779615	0.041196	0.1032515	0.045958	0.0357145	0.068287	0.037037	0	0.120071	0	0.1388905	0	0.085277	0.01316	0.211835	0	0.00769	0.045455	0.041667	0.056439	0.0657385	0.164423	0.029412	0.014662	0.0821765	0.138179	0.009525	0.01923	0.105333	0.00909	0.0511015	0.023255	0.09375	0.0655555	0.1013535	0	0.1303855	0.026315	0.061042	0.02857	0.0564235	0.02381	0.0526235	0.0958005	0.0901455	0	0.058926	0.024717	0.0686385	0.02557	0.11134	0.06595	0.07326	0.049363	0	0.13143	0.127119	0.046963	0.0877345	0.008335	0.2439015	0.0719775	0.0238095	0.062625	0.056745	0.0423375	0.075756	0.158335	0.118588	0.0607885	0.1477285	0.05554	0.0843985	0.1170655	0.120071	0.07386	0.160258	0.161029	0.1830085	0.035491	0.192013	0.0856085	0.063238	0.1203685	0.0625	0	0.045481	0.0452235	0.030305
D00110	0.1706355	1	0.14798	0.258777	0.209899	0.153441	0.0604365	0.144446	0.1429405	0.1266955	0.174572	0.15939	0.1909635	0.10607	0.141454	0.2166685	0.1383095	0.144826	0.092307	0.048387	0.147809	0.138136	0.153243	0.093753	0.1503485	0.213087	0.1644065	0.0810435	0.116769	0.190632	0.13552	0.185563	0.187535	0.1618055	0.064069	0.1515615	0.094255	0.2429765	0.1877	0.1206485	0.204434	0.1452	0.2134635	0.1616155	0.120212	0.06852	0.044728	0.1672785	0.1402595	0.1160155	0.0797615	0.1657385	0.0976205	0.089775	0.1307505	0.179606	0.2861735	0.1483175	0.127815	0.064544	0	0	0.0274465	0	0	0.009615	0.3163265	0.1393985	0.1254405	0.266955	0.164183	0.1483745	0.19426	0.1836325	0.1644735	0.183181	0.042301	0.1034485	0.209134	0.2267415	0.197291	0.2248205	0.07477	0.2257995	0.19664	0.0966665	0.129263	0.12008	0.11515	0.118701	0.176501	0.1107955	0.0800015	0.0388605	0.1467585	0.1400285	0.0854765	0.0974185	0.0874165	0.3417795	0.187375	0.131945	0.1832615	0.0166665	0.219631	0.1121215	0.21731	0.1112825	0.212055	0.13512	0.1640915	0.1862905	0.1444465	0.2393915	0.19177	0.151407	0.1017955	0.137149	0.183435	0.0885755	0.077556	0.222143	0.12137	0.1803935	0.1406925	0.1515615	0.1389755	0.1385255	0.1344355	0.156121	0.0930325	0.253786	0.0804975	0.106784	0.005375	0.36979	0.1143255	0.0910385	0.15876	0.178803	0.138138	0.184628	0.218099	0.174726	0.047972	0.1240855	0.166297	0.086921	0.0975625	0.180899	0.1073265	0.0598855	0.15064	0.157232	0.1255175	0.18647	0.0743575	0.4511505	0.1132355	0.2027165	0.123089	0.170455	0.1546115	0.151342	0.1182005	0.2046565	0.027778	0.166614	0.1076265	0.0442655	0.032203	0.218945	0.1382935	0.1519835	0.124218	0.0763745	0.2727285	0.240584	0.159919	0.243955	0.082635	0.1402725	0.165688	0.09477	0.1891495	0.1300155	0.0458115	0.1127	0.248025	0.1526595	0.15881	0.2932395	0.207051	0.205895	0.180994	0.189007	0.1094435	0.215844	0.352845	0.2197675	0.0548585	0.356925	0.17803	0.20808	0.1587095	0.2139205	0.201665	0.070964	0.037282	0.127275
D00136	0.052085	0.14798	1	0.121045	0.2444465	0.2410715	0.0765585	0.2787875	0.3237725	0.187059	0.447368	0.310093	0.2764705	0.1808905	0.2349425	0.1282655	0.2624325	0.295557	0.147009	0.12212	0.247305	0.32004	0.2806495	0.118281	0.2590105	0.0593365	0.338045	0.14717	0.1719755	0.2902635	0.3399755	0.2589285	0.2358215	0.223854	0.049412	0.1939415	0.132707	0.060573	0.080325	0.151713	0.165479	0.2566005	0.17143	0.2743065	0.170633	0.0585715	0.0907515	0.139005	0.2258695	0.1400665	0.113566	0.3040025	0.0441175	0.0817005	0.200292	0.2362345	0.156047	0.0459935	0.0910385	0.072892	0.032258	0.029412	0.03125	0.029412	0.029412	0.042857	0.1872115	0.1018995	0.215832	0.200203	0.150982	0.4043435	0.201168	0.263558	0.192803	0.2401015	0.10238	0.073483	0.1516695	0.2328765	0.154885	0.0681155	0.206923	0.0748365	0.257908	0.1666685	0.236206	0.16991	0.0882355	0.2371875	0.158542	0.2664115	0.1884655	0.1306725	0.160329	0.1770365	0.1228135	0.1235985	0.11865	0.1838805	0.16827	0.229826	0.2275935	0.05729	0.164166	0.10284	0.23485	0.2416215	0.213548	0.195051	0.2874575	0.1851545	0.2797425	0.2362115	0.225429	0.120269	0.107082	0.140821	0.1001755	0.1696965	0.138196	0.2411605	0.2983495	0.271072	0.2735035	0.2129895	0.231351	0.2100465	0.2546	0.1528825	0.103041	0.0623345	0.2060615	0.05474	0.00862	0.172805	0.190192	0.12439	0.164403	0.2923435	0.1224405	0.13	0.2065495	0.2813615	0.019474	0.2139475	0.2010455	0.079209	0.154438	0.1944835	0.122591	0.05685	0.16997	0.25223	0.14948	0.1720665	0.1828	0.173834	0.1841265	0.266345	0.121121	0.4343755	0.1625	0.103612	0.270056	0.147344	0.0720325	0.1524175	0.14461	0.0773275	0.0566355	0.196582	0.1414165	0.1408115	0.213362	0.2120095	0.2525245	0.263499	0.1161605	0.2290825	0.227848	0.032465	0.2478415	0.535665	0.0773615	0.3256945	0.068126	0.2585055	0.126238	0.161027	0.11297	0.177954	0.148212	0.194925	0.161856	0.322113	0.2571445	0.2084395	0.172325	0.141614	0.0639645	0.1742855	0.236396	0.2735035	0.085583	0.2849545	0.09262	0.1300905	0.09013	0.1071055
D00195	0.1112615	0.258777	0.121045	1	0.121808	0.1083105	0.06383	0.16927	0.142708	0.1196145	0.14461	0.1530215	0.122097	0.111924	0.0869835	0.097711	0.098663	0.124128	0.0752125	0.064516	0.11205	0.1336955	0.0953905	0.0784685	0.117519	0.113308	0.1526285	0.0884545	0.1212105	0.124341	0.1387955	0.1865285	0.125196	0.0839395	0.058195	0.131548	0.1405785	0.103011	0.099414	0.124247	0.146125	0.114377	0.114349	0.1004195	0.0943325	0.0666665	0.0416665	0.0722395	0.0827175	0.154547	0.0624055	0.1270815	0.03125	0.096774	0.08555	0.1079235	0.0636155	0.1562705	0.102715	0.05	0	0.015625	0.034483	0.015625	0.015625	0.014706	0.1377995	0.1376395	0.1128935	0.1002835	0.124244	0.1048875	0.200695	0.1205555	0.10462	0.1409245	0.0686275	0.1	0.07557	0.1701875	0.0900965	0.0964005	0.1057275	0.0944435	0.1325625	0.1008785	0.1069315	0.137626	0.127849	0.1186885	0.292558	0.0863425	0.0531425	0.054054	0.0773805	0.0607045	0.0787745	0.110207	0.0721195	0.2334285	0.151059	0.113565	0.131495	0.0333335	0.1167425	0.094086	0.1693565	0.104167	0.114495	0.115881	0.151038	0.1998095	0.151698	0.1004195	0.095366	0.1184405	0.0833605	0.198929	0.191113	0.124688	0.109135	0.2212455	0.128316	0.181502	0.1351925	0.131548	0.1284945	0.1191845	0.096125	0.166665	0.06891	0.228478	0.0585855	0.0953805	0.0142855	0.1860665	0.089925	0.0695785	0.1204955	0.1110245	0.130616	0.238832	0.2218145	0.1106285	0.0673135	0.104796	0.2050405	0.112903	0.0786225	0.121443	0.0834785	0.102941	0.1155635	0.114085	0.1180805	0.14213	0.1042265	0.227542	0.117646	0.13247	0.109135	0.1615585	0.1182955	0.4545345	0.1125785	0.5011115	0.027027	0.18656	0.1312245	0.0478515	0.0384615	0.3720545	0.2345975	0.2421925	0.1293715	0.1016285	0.1824655	0.2354	0.104116	0.1468825	0.0967825	0.1191795	0.135306	0.095745	0.072229	0.128123	0.042857	0.095214	0.18106	0.1052805	0.457588	0.417577	0.155203	0.170439	0.141641	0.2167195	0.0858215	0.240153	0.2401705	0.1598755	0.0526315	0.156745	0.15787	0.1356075	0.154935	0.13077	0.113482	0.065339	0.0405405	0.112649
D00219	0.101528	0.209899	0.2444465	0.121808	1	0.1273345	0.0472215	0.1505865	0.179368	0.1355205	0.25225	0.157477	0.153335	0.237552	0.139919	0.105224	0.1679295	0.1285335	0.2008255	0.109462	0.619035	0.5883685	0.120975	0.2178225	0.2752355	0.092173	0.16461	0.0882335	0.1569225	0.169735	0.149092	0.212778	0.67415	0.438221	0.027979	0.1076645	0.177146	0.1074855	0.1096625	0.2060585	0.167716	0.1185885	0.212903	0.2328415	0.0788595	0.046685	0.0968485	0.265672	0.1268895	0.1071055	0.22247	0.1934435	0.015625	0.0744395	0.1486005	0.211276	0.1520495	0.0884075	0.2000545	0.1043885	0	0	0.0172415	0	0	0	0.1467405	0.1309535	0.1150955	0.2226095	0.1757585	0.196582	0.1596985	0.28256	0.505558	0.2324965	0.13104	0.1251885	0.182125	0.144534	0.1056625	0.100587	0.08696	0.1190485	0.173466	0.136207	0.123698	0.234315	0.080645	0.12264	0.133686	0.18467	0.123405	0.1160835	0.19468	0.20986	0.195137	0.1759135	0.196727	0.2700895	0.153409	0.1079755	0.1384545	0.0166665	0.199214	0.134923	0.231395	0.177122	0.1593245	0.156654	0.3304175	0.2551965	0.2019215	0.1812355	0.19291	0.1119385	0.0611095	0.101814	0.064088	0.1009155	0.108735	0.208217	0.1398	0.2063385	0.1594525	0.1076645	0.111407	0.111112	0.1626205	0.145835	0.0886925	0.0900275	0.1275575	0.1464445	0.060335	0.2611315	0.07508	0.0601295	0.1696125	0.138732	0.219599	0.127494	0.22025	0.133566	0.036502	0.1324955	0.224583	0.0718975	0.07278	0.615565	0.131511	0.0434805	0.120748	0.6664115	0.1398675	0.165602	0.0890925	0.1745315	0.151795	0.1839765	0.155616	0.2456015	0.1482275	0.0718605	0.1287405	0.1428565	0.0213585	0.1042765	0.0840405	0.144886	0.0522695	0.162925	0.1272675	0.1264325	0.2119905	0.0890045	0.1646135	0.194444	0.1211805	0.160024	0.100475	0.050922	0.1698405	0.1299015	0.0871675	0.153777	0.089649	0.1155765	0.187936	0.145951	0.115205	0.2163095	0.1761555	0.120973	0.112875	0.31875	0.1017135	0.216315	0.27868	0.081248	0.06378	0.2729435	0.098628	0.18889	0.1044585	0.2237905	0.135501	0.0730065	0.073823	0.161297
D00225	0.0172415	0.153441	0.2410715	0.1083105	0.1273345	1	0.104651	0.2777025	0.2054665	0.2037015	0.2191415	0.3278465	0.42865	0.2269515	0.228088	0.13051	0.23878	0.316829	0.186	0.0151515	0.136179	0.2236415	0.3424265	0.124525	0.2601895	0.1057235	0.2166135	0.2348825	0.0968645	0.2262555	0.36232	0.2360465	0.121462	0.1133905	0.016129	0.221515	0.09385	0.0973255	0.0799875	0.145897	0.237815	0.514618	0.1794335	0.1317005	0.2275635	0.015625	0.0135135	0.1451135	0.2759285	0.1387405	0.123995	0.2075625	0.032258	0.1	0.211388	0.2314835	0.136049	0.0238095	0.1699295	0.0333335	0.017857	0.016129	0.0357145	0.016129	0.016129	0.0151515	0.2058815	0.1230185	0.70263	0.138153	0.130785	0.2021415	0.2341595	0.13453	0.1008785	0.204057	0.0089285	0.046875	0.15351	0.17968	0.149085	0.091012	0.148792	0.0871935	0.2358675	0.126983	0.185147	0.0979215	0.125925	0.2171595	0.122876	0.16089	0.09242	0.0731005	0.187027	0.2386245	0.0967735	0.13955	0.1048385	0.1620265	0.2363765	0.39509	0.22773	0.034483	0.1637665	0.03125	0.1771825	0.154485	0.128096	0.169936	0.135801	0.125376	0.126541	0.1317005	0.12469	0.100552	0.0751985	0.1328795	0.025862	0.26185	0.1333315	0.1433855	0.167012	0.2289245	0.1911765	0.2673485	0.2537015	0.2776095	0.231203	0.14873	0.1164545	0.0365855	0.2100015	0.0416665	0	0.139973	0.235805	0.1951765	0.144835	0.363097	0.1021835	0.122974	0.1143695	0.2405595	0.0043105	0.1422515	0.1129405	0.096774	0.197186	0.1171945	0.149875	0.0882355	0.1125755	0.127181	0.1908615	0.1130365	0.1532515	0.178924	0.1106705	0.2082	0.120584	0.213587	0.1092145	0.087789	0.14508	0.1191045	0.027778	0.1268415	0.139737	0.0092595	0.028846	0.151035	0.1209425	0.1205025	0.169427	0.152365	0.317088	0.2042505	0.2058185	0.146017	0.1853835	0.027778	0.2788185	0.2182545	0.0894625	0.166667	0.013889	0.207666	0.1481495	0.0645615	0.0907375	0.144967	0.130461	0.136865	0.2118335	0.2185655	0.2175005	0.1137195	0.149773	0.0326085	0.0125	0.1870025	0.2083315	0.2138865	0.0830035	0.176767	0.1773505	0.085399	0.027027	0.10547
D00227	0.007405	0.0604365	0.0765585	0.06383	0.0472215	0.104651	1	0.0652175	0.1201445	0.092171	0.112348	0.076087	0.095238	0.0883825	0.125	0.0924615	0.090909	0.119565	0.1010885	0.025	0.0802315	0.0880935	0.0869565	0.072619	0.0945315	0.10079	0.0970355	0.0897435	0.122174	0.0865325	0.0555555	0.116961	0.049448	0.098701	0.0626455	0.1190475	0.0487805	0.0797665	0.0943355	0.15	0.1456415	0.0813955	0.08141	0.091426	0.121951	0.060999	0.0993585	0.062647	0.062993	0.112345	0.100145	0.111512	0.0694445	0.2890425	0.121329	0.107561	0.065814	0.0696025	0.0891525	0.0629605	0	0	0.0135135	0	0	0.012195	0.103886	0.1328055	0.121744	0.0748125	0.0965485	0.1385345	0.095238	0.09345	0.086038	0.1029995	0.021003	0.051282	0.100606	0.129275	0.10568	0.086495	0.1222345	0.0779235	0.0673075	0.0833335	0.1503985	0.0481345	0.125296	0.0772785	0.0820265	0.110376	0.0808705	0.0829235	0.0918175	0.1063745	0.0671955	0.0892105	0.0670155	0.093793	0.135415	0.0774215	0.1324875	0.013158	0.083458	0.0384615	0.059524	0.115501	0.0892835	0.130886	0.0710675	0.0886375	0.0652175	0.091426	0.101088	0.072666	0.100914	0.104035	0.034069	0.061629	0.06891	0.0520835	0.074074	0.1143455	0.0882355	0.1190475	0.107143	0.107143	0.088889	0.0632685	0.1242575	0.0459965	0.077778	0.068454	0.006175	0.0566485	0.116279	0.308631	0.094035	0.112793	0.0618055	0.12382	0.107574	0.0576925	0.032545	0.080596	0.106434	0.30233	0.115941	0.0481165	0.0846325	0.4104275	0.094444	0.0395035	0.1730365	0.037849	0.1293965	0.0946275	0.11887	0.0938935	0.1121055	0.110154	0.096559	0.085555	0.0704965	0.0652175	0.075	0.097153	0.072464	0.0280885	0.1170645	0.07877	0.1196665	0.1191915	0.082937	0.124687	0.0813955	0.074468	0.246945	0.105695	0.1197695	0.0227275	0.107143	0.0892855	0.0897925	0.0966575	0.086728	0.1230165	0.0526315	0.036131	0.0924935	0.0606855	0.100973	0.116203	0.0846515	0.099125	0.1091685	0.093908	0.095987	0.042011	0.0919535	0.0529215	0.1408645	0.0958105	0.0400885	0.0326085	0.0857145	0.1110175	0.065269	0.1154295
D00228	0.0555555	0.144446	0.2787875	0.16927	0.1505865	0.2777025	0.0652175	1	0.2710535	0.23437	0.210895	0.4148935	0.285733	0.157042	0.169991	0.118959	0.217979	0.251515	0.175755	0.0791665	0.1567565	0.21131	0.2494395	0.1453725	0.2270655	0.1044985	0.2233085	0.1546085	0.0877145	0.29896	0.376263	0.3341495	0.17439	0.1061485	0.016129	0.2074065	0.154936	0.125639	0.0785525	0.137035	0.2066665	0.324913	0.159413	0.1068885	0.2342885	0.015625	0.0135135	0.1249985	0.2608535	0.1317155	0.1251	0.2383415	0.015625	0.0625	0.153735	0.2402435	0.1189845	0.0238095	0.1572745	0.0333335	0.017857	0.016129	0.0172415	0.016129	0.016129	0.0151515	0.164005	0.1228085	0.2813615	0.116122	0.14375	0.2661535	0.358335	0.133185	0.1249005	0.280648	0.059377	0.064516	0.157405	0.1758115	0.1386865	0.116978	0.161287	0.0857135	0.254549	0.124688	0.170237	0.1374465	0.128455	0.2211135	0.1687545	0.135443	0.079664	0.0714285	0.178592	0.1930935	0.11437	0.10565	0.114125	0.170634	0.2071435	0.2622165	0.1812865	0.0166665	0.1642865	0.070607	0.221194	0.1199985	0.1095245	0.154854	0.181074	0.1855955	0.205029	0.0957335	0.0806375	0.103912	0.0861455	0.166679	0.0650705	0.205045	0.1311615	0.231747	0.2747045	0.322915	0.288557	0.22824	0.2518835	0.2504585	0.210882	0.192467	0.0933175	0.0641025	0.1489815	0.057143	0	0.139358	0.220823	0.1614785	0.156995	0.2633315	0.1431265	0.128674	0.168269	0.2784895	0.0043105	0.2093345	0.165292	0.060606	0.16488	0.132321	0.126926	0.0555555	0.108973	0.1946255	0.179224	0.12647	0.1400615	0.1979165	0.1018405	0.339886	0.111269	0.2055565	0.1116275	0.13266	0.2344695	0.184694	0.0135135	0.1425385	0.1901575	0.05629	0.028846	0.207617	0.1568325	0.1559475	0.1925345	0.165325	0.30346	0.3124505	0.136464	0.131409	0.149182	0.027778	0.3000015	0.229016	0.099735	0.1936915	0.013889	0.1645165	0.1587945	0.130405	0.1365095	0.201705	0.184136	0.14638	0.2171285	0.264613	0.1537755	0.167529	0.157785	0.056818	0.025641	0.209525	0.174264	0.350702	0.0888435	0.2768285	0.1321405	0.126799	0.013158	0.095795
D00234	0.0573315	0.1429405	0.3237725	0.142708	0.179368	0.2054665	0.1201445	0.2710535	1	0.1554675	0.3015985	0.287874	0.1996465	0.119775	0.1956645	0.0941965	0.2272215	0.236807	0.148736	0.075	0.2207695	0.286476	0.1807195	0.0756415	0.204501	0.0995965	0.2509505	0.123488	0.1152435	0.276012	0.2599715	0.254601	0.185985	0.1463675	0.0327395	0.2099415	0.13266	0.0862925	0.0846885	0.188312	0.217828	0.184247	0.1072555	0.1532715	0.188672	0.0357145	0.0601435	0.128315	0.158809	0.150626	0.0703415	0.36198	0.0487805	0.0714285	0.1589185	0.1571425	0.1140305	0.0384615	0.112641	0.0365855	0.0125	0.0238095	0.0384615	0.0238095	0.0238095	0.0227275	0.1432425	0.1165055	0.1777775	0.1121785	0.146791	0.4757335	0.251545	0.134463	0.201761	0.2776965	0.052124	0.1004455	0.148439	0.233171	0.1638985	0.098464	0.241466	0.0800925	0.2514475	0.131928	0.167944	0.1576215	0.13395	0.2471195	0.1970395	0.231503	0.105052	0.0725725	0.149255	0.174108	0.0706	0.092073	0.07049	0.1844445	0.2161605	0.1594995	0.163267	0.033825	0.1287885	0.064569	0.164285	0.1224765	0.135094	0.2082395	0.258952	0.1789775	0.267777	0.1381725	0.149072	0.162036	0.163831	0.2133665	0.0707135	0.154028	0.18168	0.2210535	0.2483475	0.2482145	0.260211	0.216837	0.23404	0.22326	0.2213905	0.1681165	0.1083335	0.0548345	0.2022215	0.050243	0	0.17362	0.2026165	0.1956865	0.157666	0.202612	0.094255	0.1511735	0.202443	0.28377	0.0201615	0.200942	0.2014925	0.0697675	0.1955375	0.1522855	0.1557605	0.0716275	0.132898	0.1839765	0.1645335	0.144208	0.206925	0.170148	0.126156	0.282127	0.1059335	0.294706	0.1373405	0.115999	0.2181955	0.146032	0.0555555	0.20897	0.246848	0.098421	0.040516	0.234053	0.204549	0.203674	0.14905	0.234426	0.2316125	0.232266	0.1348535	0.169578	0.1507695	0.0434785	0.23235	0.323086	0.0999985	0.195116	0.0495585	0.228994	0.143723	0.131905	0.1191545	0.188512	0.143649	0.1985155	0.1531995	0.3004125	0.2286845	0.200913	0.1744285	0.0962285	0.0482815	0.166596	0.2472355	0.272801	0.0919815	0.1711825	0.1452955	0.13319	0.057703	0.0948185
D00252	0.03125	0.1266955	0.187059	0.1196145	0.1355205	0.2037015	0.092171	0.23437	0.1554675	1	0.1812555	0.2337235	0.2870385	0.1694395	0.2533715	0.1056595	0.1839215	0.2291395	0.18546	0.0172415	0.172115	0.20188	0.2462595	0.0965935	0.298608	0.107155	0.170762	0.175511	0.19537	0.236607	0.2452365	0.2371985	0.159659	0.161965	0.0479285	0.3771055	0.0970355	0.126536	0.0767345	0.132755	0.1877965	0.2192215	0.169542	0.155555	0.35	0.061977	0.04054	0.312803	0.282405	0.147865	0.1161285	0.1636775	0.017857	0.0804385	0.2032035	0.6476175	0.1843985	0.0206355	0.20771	0.048385	0	0	0	0	0	0	0.202687	0.123239	0.2314835	0.153765	0.264956	0.1518275	0.2777785	0.1374985	0.117943	0.2331975	0.0256405	0	0.1845135	0.1923635	0.14969	0.117375	0.1357125	0.08389	0.207128	0.16389	0.2025395	0.103127	0.1457745	0.292765	0.1068465	0.143304	0.083658	0.12963	0.192857	0.189514	0.0974225	0.10682	0.0869775	0.180542	0.169768	0.1983	0.14541	0	0.196971	0.0555555	0.1415435	0.136385	0.137424	0.22128	0.1279205	0.1833315	0.0869335	0.12231	0.0985085	0.07919	0.0694015	0.100021	0.0202935	0.15194	0.128206	0.146591	0.2154695	0.229165	0.2253065	0.3319305	0.40517	0.351252	0.17766	0.1148855	0.0946455	0.041941	0.161585	0.070953	0.011905	0.164671	0.3014915	0.2311815	0.252313	0.2880935	0.119695	0.1211715	0.1623555	0.192698	0.0072745	0.175555	0.163256	0.0775105	0.2143065	0.1507355	0.174421	0.07127	0.1064795	0.151654	0.1745715	0.1752105	0.11366	0.176515	0.1873545	0.26	0.2069955	0.17639	0.1093085	0.0889815	0.1985535	0.1239505	0	0.080186	0.2229855	0.038928	0.01852	0.132303	0.1018425	0.1010125	0.162147	0.139191	0.2498035	0.1630285	0.1551355	0.1804045	0.134706	0	0.288887	0.113115	0.109823	0.120759	0.041665	0.2326925	0.135355	0.0607205	0.098055	0.1057575	0.1315195	0.157312	0.2658735	0.267088	0.199282	0.1599605	0.186572	0.015385	0.048774	0.1499985	0.165602	0.2683825	0.0726365	0.130964	0.198335	0.0602175	0.04651	0.21677
D00274	0.0580855	0.174572	0.447368	0.14461	0.25225	0.2191415	0.112348	0.210895	0.3015985	0.1812555	1	0.24904	0.2444465	0.1490635	0.2026955	0.141045	0.22628	0.2706215	0.175979	0.0816475	0.2443	0.3248265	0.2352915	0.132176	0.283937	0.0858275	0.2701335	0.1700295	0.144245	0.2126355	0.2424105	0.238712	0.21849	0.2315045	0.0554115	0.195835	0.130769	0.08807	0.118134	0.1642415	0.177172	0.214515	0.151456	0.2906095	0.17532	0.062925	0.0639745	0.15959	0.1476685	0.153205	0.128196	0.249346	0.081081	0.09722	0.172945	0.2	0.162531	0.0925765	0.094445	0.0652465	0.027027	0.0384615	0.0555555	0.0384615	0.0384615	0.05	0.175265	0.109663	0.206232	0.2126495	0.162654	0.3005065	0.170835	0.23155	0.2194995	0.2674965	0.0831085	0.0921055	0.180723	0.247834	0.1556695	0.094163	0.25329	0.103255	0.231277	0.1285445	0.245786	0.226486	0.1382865	0.234066	0.1817385	0.2685985	0.1506175	0.20172	0.1845545	0.1866545	0.122159	0.1636475	0.137756	0.232072	0.1792575	0.1974385	0.216447	0.025641	0.14497	0.0867625	0.186685	0.421567	0.25655	0.2738115	0.3093965	0.176571	0.2696665	0.2622355	0.210845	0.14372	0.1402365	0.159734	0.0906005	0.141247	0.153941	0.15196	0.215831	0.249607	0.256345	0.2214075	0.2110285	0.192927	0.2204815	0.1568095	0.124775	0.091513	0.1422815	0.082073	0.007465	0.2057115	0.182967	0.131256	0.174792	0.245835	0.153607	0.1872005	0.188515	0.188694	0.0387735	0.2035065	0.1921615	0.0946755	0.182851	0.2112315	0.118112	0.074282	0.215055	0.245179	0.2172215	0.136482	0.2434215	0.184522	0.15577	0.2107575	0.15076	0.9631085	0.228877	0.1150165	0.214297	0.176192	0.093056	0.1620705	0.1203865	0.0870855	0.041122	0.2193815	0.167196	0.166641	0.162391	0.2446535	0.2349355	0.2679485	0.143048	0.2426765	0.217574	0.0454545	0.2274235	0.3204085	0.121328	0.26677	0.052906	0.2466615	0.1087195	0.110236	0.124114	0.18153	0.1688215	0.197978	0.14837	0.292742	0.2056475	0.1716965	0.2211715	0.1256935	0.059463	0.166455	0.2248925	0.200578	0.069012	0.176596	0.1294355	0.1339025	0.0661845	0.1377515
D00283	0.0535715	0.15939	0.310093	0.1530215	0.157477	0.3278465	0.076087	0.4148935	0.287874	0.2337235	0.24904	1	0.3193945	0.249041	0.167834	0.15278	0.1932095	0.3117705	0.172919	0.064516	0.1709765	0.244975	0.2578415	0.1121205	0.2555015	0.1121655	0.286856	0.1857725	0.1549005	0.355965	0.4111115	0.3422185	0.171749	0.1014395	0.054983	0.239788	0.1666685	0.117706	0.110534	0.1522955	0.212683	0.3663795	0.144835	0.1333345	0.2557775	0.04212	0.027027	0.12338	0.2225595	0.147161	0.1119105	0.256866	0.03125	0.078125	0.177779	0.2266595	0.1061485	0.023256	0.147164	0.05	0.0172415	0.015625	0.034483	0.015625	0.015625	0.014706	0.173305	0.12778	0.3419355	0.1228285	0.155885	0.26449	0.334522	0.140725	0.166515	0.2841235	0.042327	0.102865	0.151339	0.1994815	0.1659945	0.1100605	0.1602935	0.120711	0.2511875	0.1237735	0.19943	0.122221	0.1431815	0.194212	0.166078	0.1523825	0.092938	0.0872995	0.1679855	0.172942	0.086456	0.1708355	0.094521	0.185608	0.2134945	0.2945925	0.213428	0.0333335	0.1814835	0.074721	0.22669	0.175452	0.146665	0.1891045	0.1970195	0.2295045	0.2084295	0.1333345	0.123566	0.0865015	0.094458	0.1465255	0.0738415	0.258606	0.129908	0.202224	0.327943	0.330985	0.365522	0.261095	0.2600675	0.2589175	0.187448	0.1700105	0.1057655	0.083588	0.141025	0.1071055	0	0.1703415	0.2766795	0.1837625	0.169445	0.3183685	0.107539	0.122814	0.2072195	0.3210985	0.0042735	0.2650165	0.205218	0.0757575	0.1827045	0.131098	0.1339505	0.0694445	0.1506385	0.18094	0.161672	0.1364845	0.1513485	0.214158	0.166771	0.32184	0.144818	0.242627	0.1465905	0.1298705	0.2781925	0.167732	0.027027	0.13063	0.2272005	0.0611395	0.0384615	0.2061905	0.1528425	0.1522875	0.158214	0.1641435	0.329587	0.240371	0.1418395	0.1498045	0.2088535	0.027027	0.2777785	0.2508915	0.1062115	0.294622	0.027778	0.2174185	0.191798	0.1191855	0.134366	0.199655	0.175491	0.166099	0.1969715	0.280749	0.1945645	0.2056245	0.172744	0.0555555	0.0473915	0.1806215	0.2118235	0.331548	0.1082025	0.3115645	0.151003	0.1102715	0.026316	0.130109
D00293	0.0185185	0.1909635	0.2764705	0.122097	0.153335	0.42865	0.095238	0.285733	0.1996465	0.2870385	0.2444465	0.3193945	1	0.258011	0.2062095	0.1546055	0.2625	0.681775	0.2125705	0.028629	0.140471	0.276457	0.762355	0.1618065	0.3175225	0.1054305	0.2184665	0.212622	0.10711	0.2837715	0.415571	0.251735	0.125816	0.16412	0.101313	0.28943	0.0899985	0.110778	0.095577	0.155305	0.2679995	0.480675	0.2735065	0.184873	0.2822915	0.085704	0.0560945	0.157406	0.270372	0.141273	0.1526165	0.193097	0.034483	0.130398	0.20909	0.351852	0.172169	0.025	0.147793	0.089423	0.019231	0.0172415	0.0384615	0.0172415	0.0172415	0.016129	0.2452365	0.1433405	0.3955865	0.2058595	0.154165	0.2426915	0.25942	0.2576145	0.13095	0.209765	0.0205595	0.05	0.183575	0.2306745	0.1735435	0.1032935	0.164367	0.10441	0.2214355	0.1616795	0.2063665	0.114719	0.139663	0.2658095	0.135273	0.183952	0.117805	0.1088235	0.231873	0.2329655	0.1479855	0.1388005	0.1397505	0.198974	0.261948	0.3813515	0.227275	0.037037	0.299202	0.1055185	0.314815	0.1893955	0.179745	0.16987	0.140982	0.1680375	0.152367	0.184873	0.1293955	0.110119	0.074381	0.148155	0.0267855	0.257248	0.16288	0.1585055	0.215575	0.2436345	0.2423405	0.312015	0.331243	0.3259245	0.2535485	0.127439	0.11437	0.0816525	0.18403	0.108735	0	0.1399255	0.2655185	0.2116765	0.1682515	0.5788045	0.1334845	0.144725	0.13395	0.2019615	0.004386	0.179401	0.133172	0.1256685	0.1680285	0.12121	0.1574075	0.09375	0.112652	0.1519075	0.200895	0.127788	0.1445905	0.2284945	0.12153	0.2106025	0.1330785	0.23777	0.122435	0.094952	0.18377	0.143687	0.029412	0.1355995	0.1576825	0.025898	0.0573735	0.167	0.119928	0.119333	0.2563885	0.1685875	0.3240755	0.223215	0.2114745	0.200661	0.200487	0.029412	0.2584815	0.1882435	0.1003185	0.2381365	0.057745	0.3045695	0.1958315	0.0707285	0.097965	0.16369	0.147525	0.1742045	0.216208	0.2488665	0.26266	0.13274	0.186023	0.059524	0.066578	0.188321	0.179171	0.2166105	0.1043715	0.19815	0.1934535	0.08895	0.070041	0.117217
D00294	0.00901	0.10607	0.1808905	0.111924	0.237552	0.2269515	0.0883825	0.157042	0.119775	0.1694395	0.1490635	0.249041	0.258011	1	0.112924	0.155724	0.124305	0.206247	0.254637	0	0.200615	0.259285	0.2201385	0.252983	0.2270675	0.1103045	0.160453	0.225344	0.127164	0.221212	0.2169295	0.1342	0.225795	0.2923065	0.030284	0.11515	0.10174	0.114719	0.1071175	0.25143	0.1406895	0.219736	0.144715	0.1696495	0.175278	0.0422035	0.0366215	0.1475615	0.1241705	0.16174	0.30114	0.0864325	0.0434785	0.1208905	0.1404765	0.168131	0.105084	0.0578945	0.3	0.044889	0.025	0.021739	0.05	0.021739	0.021739	0.02	0.1443695	0.1553015	0.2197445	0.218625	0.188065	0.120515	0.122293	0.18589	0.173925	0.112375	0.0455165	0.04	0.135684	0.133501	0.089827	0.1057235	0.109561	0.1185405	0.093661	0.19412	0.1082635	0.1250985	0.1363635	0.1273355	0.1132935	0.1603855	0.090996	0.1198025	0.204995	0.247395	0.221846	0.261635	0.231846	0.134408	0.1468875	0.1818125	0.161377	0.047619	0.1500015	0.03163	0.1833335	0.1925945	0.1876455	0.14271	0.139855	0.140741	0.144445	0.1696495	0.158993	0.071938	0.0440495	0.0780685	0.023193	0.313419	0.239256	0.081016	0.132143	0.14881	0.138431	0.1358395	0.141665	0.14126	0.120109	0.110406	0.10893	0.0265405	0.12222	0.0379415	0.05852	0.107695	0.163856	0.128985	0.2056635	0.255293	0.1951535	0.079365	0.12564	0.0773725	0.024041	0.10814	0.123984	0.1157965	0.104958	0.2127195	0.1125	0.0980575	0.1330065	0.260795	0.1444995	0.0669135	0.1104955	0.1418545	0.1450145	0.156593	0.16218	0.144875	0.1588845	0.054384	0.117574	0.115875	0.0357145	0.072392	0.069395	0.050002	0.0249945	0.143602	0.115051	0.114281	0.129559	0.1125	0.1762945	0.134508	0.115049	0.1085765	0.122401	0.0172415	0.1193235	0.1244505	0.087102	0.143446	0.037697	0.162829	0.1453625	0.054993	0.0916665	0.1474845	0.119525	0.096073	0.107039	0.153961	0.1395415	0.12469	0.118994	0.030401	0.03263	0.127899	0.119056	0.1449095	0.0735245	0.1115055	0.15441	0.055027	0.0336715	0.1420305
D00303	0	0.141454	0.2349425	0.0869835	0.139919	0.228088	0.125	0.169991	0.1956645	0.2533715	0.2026955	0.167834	0.2062095	0.112924	1	0.124278	0.2647615	0.2309855	0.144153	0.0392115	0.2146465	0.188076	0.183447	0.1003075	0.199662	0.1693025	0.147939	0.119916	0.2010045	0.1544025	0.196562	0.2366805	0.134503	0.20218	0.064235	0.264026	0.0614055	0.154201	0.175645	0.187302	0.198613	0.224192	0.144276	0.2244135	0.28192	0.0658645	0.086734	0.1916075	0.2679815	0.1989	0.1226	0.292083	0.139215	0.109375	0.2240745	0.2568025	0.213297	0.0839955	0.1730025	0.040943	0.016129	0.030303	0.032258	0.030303	0.030303	0.0394415	0.20706	0.2440465	0.175834	0.1420265	0.2355085	0.2153245	0.2311545	0.140125	0.1727045	0.234766	0.0222165	0.0831285	0.210413	0.256268	0.225973	0.169799	0.2219245	0.139803	0.2835775	0.111589	0.234172	0.0965875	0.17604	0.2600365	0.116234	0.21523	0.145857	0.0657895	0.1890465	0.202836	0.0916	0.1049255	0.105568	0.16299	0.1824255	0.184805	0.139586	0.04212	0.1482355	0.090016	0.1379435	0.204808	0.177364	0.282419	0.164895	0.1419665	0.114259	0.20274	0.182252	0.1175835	0.0915485	0.1285985	0.0333335	0.11852	0.1008155	0.1620495	0.16884	0.2298425	0.189535	0.256471	0.2336745	0.2329245	0.2566245	0.126789	0.2335735	0.022222	0.17916	0.03962	0	0.2117665	0.2991775	0.2106545	0.2274195	0.218963	0.083778	0.121809	0.164683	0.2370465	0.030236	0.145263	0.1611485	0.1060605	0.1928235	0.129884	0.1995885	0.097222	0.1708685	0.1238345	0.195788	0.1488685	0.197246	0.131674	0.1946	0.193213	0.1692015	0.197906	0.172553	0.0842595	0.146734	0.0966455	0.0918895	0.1221525	0.127599	0.0272725	0.0825675	0.126581	0.1069605	0.1065505	0.12778	0.2274485	0.210097	0.15995	0.1892095	0.2431825	0.1899145	0.033331	0.2787495	0.195174	0.121209	0.1458335	0.0888905	0.1994465	0.121599	0.0923865	0.086959	0.102963	0.1284485	0.218873	0.1810555	0.271377	0.1958885	0.146675	0.167399	0.0522165	0.0904175	0.16389	0.195593	0.198147	0.0878575	0.1517375	0.2225015	0.064054	0.0818715	0.175
D00319	0.03896	0.2166685	0.1282655	0.097711	0.105224	0.13051	0.0924615	0.118959	0.0941965	0.1056595	0.141045	0.15278	0.1546055	0.155724	0.124278	1	0.126759	0.1728925	0.0949	0.023504	0.10695	0.1241825	0.152251	0.0976185	0.1423085	0.6392165	0.1181065	0.206117	0.1564785	0.242595	0.148353	0.125886	0.093174	0.118936	0.097895	0.142396	0.0486055	0.5911935	0.5312695	0.15485	0.123399	0.1380805	0.139306	0.1516405	0.162864	0.09455	0.1118695	0.1328985	0.1152575	0.182063	0.0894425	0.1092405	0.160097	0.118305	0.139215	0.1096175	0.2434595	0.080359	0.135779	0.077586	0.0333335	0.030303	0.060415	0.040108	0.030303	0.0539225	0.214015	0.2295915	0.14233	0.217641	0.189237	0.0995265	0.1184205	0.136725	0.170021	0.1189215	0.0218715	0.10284	0.5061475	0.18499	0.4872765	0.566135	0.107315	0.6490055	0.1051365	0.127384	0.130508	0.1149675	0.15909	0.1274885	0.0804915	0.1103965	0.0861205	0.086227	0.104973	0.1000015	0.089778	0.145423	0.1121055	0.138656	0.128806	0.1415805	0.207468	0.048387	0.1746855	0.0371915	0.141887	0.169445	0.252975	0.138401	0.1421	0.1480165	0.120835	0.21818	0.2260895	0.1141485	0.13515	0.091088	0.0873035	0.12231	0.0977435	0.0925935	0.096315	0.122768	0.1117715	0.151756	0.131048	0.140483	0.12344	0.090123	0.116849	0.0735965	0.0631765	0.1181065	0.005465	0.123656	0.160889	0.128546	0.2017235	0.16894	0.0957925	0.115462	0.15255	0.0619735	0.025444	0.103029	0.149809	0.1146805	0.0971235	0.102234	0.096	0.101607	0.2096765	0.1096575	0.11131	0.0621575	0.1079085	0.16847	0.17096	0.179437	0.15476	0.1378915	0.2335735	0.068589	0.0989	0.10032	0.0857145	0.081687	0.113599	0.013902	0.0991425	0.0835125	0.06213	0.061835	0.0822645	0.09778	0.158373	0.114471	0.1105055	0.160596	0.115315	0.061199	0.120738	0.09442	0.5126965	0.1284315	0.1146385	0.146068	0.125619	0.106124	0.0745955	0.1061905	0.147355	0.161602	0.1088705	0.146981	0.1271505	0.152045	0.142255	0.0672465	0.1113225	0.2147935	0.158985	0.170086	0.080109	0.0867025	0.13546	0.072936	0.1003525	0.14024
D00326	0	0.1383095	0.2624325	0.098663	0.1679295	0.23878	0.090909	0.217979	0.2272215	0.1839215	0.22628	0.1932095	0.2625	0.124305	0.2647615	0.126759	1	0.25263	0.155743	0.0270565	0.2074515	0.2346215	0.3380905	0.0892545	0.208868	0.1010175	0.1949935	0.1645835	0.107914	0.160465	0.2386445	0.2378415	0.161847	0.1784965	0.016129	0.2021265	0.0505275	0.0980455	0.117574	0.18549	0.1702365	0.2329745	0.161053	0.2006815	0.2290085	0.032258	0.0690285	0.16886	0.2413035	0.1948065	0.125499	0.2779665	0.0689655	0.080645	0.2077395	0.191015	0.1761325	0.0238095	0.13876	0.0333335	0.138825	0.1550925	0.134068	0.1940895	0.1939545	0.162397	0.23047	0.1547285	0.232133	0.1712945	0.1720935	0.2672115	0.1907135	0.153595	0.1364735	0.192857	0.018182	0.057985	0.181454	0.297982	0.195341	0.1048705	0.2102565	0.113936	0.2546285	0.1595445	0.2458815	0.224682	0.173867	0.2932425	0.1496735	0.2628185	0.1439055	0.0714285	0.28889	0.2305565	0.178252	0.1226	0.11366	0.138598	0.17249	0.193183	0.1426965	0.059483	0.1659065	0.03125	0.20039	0.1517935	0.1946255	0.206238	0.2703715	0.1020545	0.2000015	0.2006815	0.24683	0.099044	0.0982285	0.1508045	0.025862	0.131946	0.30185	0.150593	0.3559815	0.2507525	0.391007	0.2451375	0.3064195	0.3048695	0.944926	0.230847	0.1695065	0.011628	0.2462115	0.013158	0	0.154983	0.215833	0.144442	0.187035	0.2751835	0.0737955	0.1186355	0.125481	0.2273105	0.017699	0.2861445	0.123258	0.078125	0.189736	0.1543445	0.180402	0.0714285	0.169025	0.167566	0.173611	0.123625	0.1873745	0.1614015	0.1224005	0.217737	0.1340265	0.2204815	0.210394	0.0825405	0.297758	0.1173195	0.0757575	0.1299125	0.12503	0.028846	0.0443455	0.183382	0.1117885	0.1111135	0.185845	0.2157065	0.278683	0.2582305	0.153941	0.20681	0.316665	0.036113	0.3060965	0.311627	0.1132065	0.1977765	0.0545325	0.1942935	0.122648	0.0911175	0.084994	0.137355	0.1248795	0.2354165	0.16847	0.367424	0.178371	0.125001	0.1264955	0.1102425	0.0394735	0.1771825	0.201428	0.2062165	0.069525	0.149041	0.1796605	0.087309	0.0507565	0.118115
D00329	0.024911	0.144826	0.295557	0.124128	0.1285335	0.316829	0.119565	0.251515	0.236807	0.2291395	0.2706215	0.3117705	0.681775	0.206247	0.2309855	0.1728925	0.25263	1	0.175294	0.0518715	0.1332265	0.2500015	0.6249055	0.1326045	0.2627175	0.102638	0.236878	0.190043	0.2551015	0.2716725	0.354375	0.303462	0.104811	0.166748	0.098125	0.305623	0.0732175	0.120589	0.11814	0.195788	0.27576	0.3495695	0.219158	0.348055	0.2893625	0.103365	0.125002	0.1084635	0.2165955	0.14881	0.1251495	0.2007495	0.0846875	0.122171	0.2428805	0.2801755	0.1566845	0.0444445	0.136276	0.117609	0.03125	0.0285715	0.046875	0.0285715	0.0285715	0.0416665	0.2173195	0.1495405	0.37519	0.181345	0.176573	0.259423	0.2598015	0.227189	0.163574	0.2393395	0.0352285	0.0555555	0.2102755	0.284104	0.216093	0.125966	0.232538	0.114864	0.226642	0.1660675	0.335912	0.1423635	0.16729	0.2549435	0.1359035	0.2183915	0.1680915	0.119298	0.196532	0.1953615	0.138575	0.130769	0.13177	0.167191	0.2710075	0.289857	0.231745	0.0454545	0.2511785	0.119209	0.291205	0.3439565	0.34722	0.2996725	0.200172	0.1543615	0.200852	0.33433	0.173145	0.1169425	0.0908615	0.141961	0.05476	0.1992235	0.149092	0.156541	0.290766	0.294591	0.287432	0.33896	0.3198675	0.30442	0.2452895	0.12889	0.12494	0.0822675	0.13589	0.0899625	0	0.117763	0.399305	0.240192	0.189544	0.40306	0.1133605	0.1605205	0.199797	0.19743	0.012605	0.2186245	0.1974445	0.11852	0.197748	0.1015635	0.135395	0.0921055	0.2616945	0.1091885	0.200622	0.1232545	0.196847	0.172805	0.266783	0.257822	0.142337	0.263943	0.27576	0.1055535	0.2499985	0.15006	0.090011	0.126585	0.1595985	0.0563845	0.114285	0.162997	0.129156	0.128581	0.1957855	0.238193	0.282741	0.2018225	0.1770765	0.2772125	0.299242	0.0375	0.2697575	0.212222	0.143442	0.295032	0.1116335	0.3461945	0.114719	0.1096875	0.1086965	0.160086	0.155969	0.2359345	0.180095	0.2688615	0.3032555	0.181197	0.156326	0.1136365	0.0978085	0.1468845	0.2421015	0.264585	0.0698955	0.177158	0.150783	0.13021	0.1026595	0.128581
D00331	0.0649375	0.092307	0.147009	0.0752125	0.2008255	0.186	0.1010885	0.175755	0.148736	0.18546	0.175979	0.172919	0.2125705	0.254637	0.144153	0.0949	0.155743	0.175294	1	0.1154755	0.1888365	0.2246765	0.187302	0.3680985	0.32062	0.0771895	0.134493	0.153361	0.0819325	0.164914	0.17396	0.1454315	0.189442	0.2638475	0.006945	0.1399255	0.07765	0.073439	0.077263	0.2600555	0.145707	0.1983255	0.13021	0.169375	0.1520885	0.022934	0.023324	0.150793	0.1381105	0.1537225	0.344374	0.1026985	0.051724	0.092296	0.156811	0.2031315	0.15625	0.105856	0.289145	0.0239115	0.0185185	0.0166665	0.017857	0.0166665	0.0166665	0.032258	0.154245	0.1209315	0.180959	0.1624555	0.121079	0.132316	0.157162	0.1345825	0.1353365	0.211907	0.0891	0.03125	0.1971045	0.122293	0.133833	0.081263	0.152176	0.083969	0.140311	0.1915255	0.1488425	0.152314	0.125	0.17526	0.1524365	0.2102055	0.157558	0.120149	0.3611725	0.3741545	0.2907755	0.2513415	0.3192285	0.1288705	0.148978	0.190008	0.1594855	0.0468245	0.133835	0.032258	0.15172	0.188522	0.1760605	0.1811465	0.101916	0.0941855	0.131172	0.150909	0.123776	0.108185	0.0772765	0.104187	0.029586	0.15894	0.1468345	0.0874925	0.127694	0.158125	0.133526	0.157993	0.1641435	0.1635735	0.1511715	0.11802	0.135472	0.004275	0.121912	0.00877	0.073542	0.157681	0.1437215	0.112411	0.136238	0.18549	0.2993395	0.1120085	0.086371	0.117051	0.0341375	0.1406575	0.0845025	0.089165	0.15088	0.1809505	0.165222	0.095669	0.1143695	0.186005	0.2585185	0.1020835	0.144475	0.133452	0.096859	0.1468275	0.1269795	0.1716065	0.117337	0.066341	0.1597895	0.092656	0.0285715	0.10593	0.0869005	0.0837605	0.016679	0.117545	0.1199105	0.1191005	0.149756	0.14229	0.2048385	0.13802	0.145368	0.17568	0.139491	0.085196	0.1630285	0.112035	0.147313	0.118661	0.0239005	0.16281	0.0866955	0.1050125	0.107228	0.0902795	0.139825	0.1448885	0.212698	0.150704	0.141701	0.086211	0.1168275	0.1025385	0.0212955	0.0921585	0.128556	0.150596	0.0981565	0.0965835	0.1471295	0.128441	0.0191635	0.1099835
