data	D00035	D00110	D00136	D00195	D00219	D00225	D00227	D00228	D00234	D00252	D00274	D00283	D00293	D00294	D00303	D00319	D00326	D00329	D00331	D00332	D00335	D00336	D00338	D00340	D00345	D00349	D00351	D00354	D00358	D00364	D00367	D00373	D00379	D00380	D00392	D00394	D00418	D00437	D00438	D00451	D00456	D00464	D00474	D00477	D00480	D00495	D00499	D00504	D00512	D00513	D00519	D00521	D00524	D00528	D00530	D00533	D00536	D00537	D00538	D00539	D00542	D00543	D00544	D00545	D00546	D00547	D00548	D00549	D00550	D00552	D00553	D00560	D00563	D00574	D00593	D00594	D00607	D00611	D00615	D00616	D00617	D00618	D00619	D00629	D00631	D00633	D00636	D00638	D00639	D00640	D00642	D00647	D00648	D00649	D00650	D00651	D00654	D00656	D00658	D00677	D00678	D00694	D00697	D00704	D00708	D00709	D00711	D00726	D00732	D00733	D00735	D00738	D00739	D00740	D00741	D00759	D00760	D00761	D00765	D00771	D00775	D00779	D00791	D00798	D00799	D00809	D00812	D00816	D00823	D00831	D00960	D00963	D00964	D01071	D01108	D01111	D01118	D01242	D01243	D01253	D01256	D01275	D01287	D01295	D01350	D01448	D01450	D01453	D01575	D01599	D01603	D01712	D01768	D01799	D01828	D01854	D01969	D02041	D02086	D02087	D02088	D02092	D02098	D02101	D02163	D02173	D02204	D02207	D02234	D02237	D02253	D02261	D02262	D02272	D02347	D02356	D02360	D02362	D02409	D02461	D02485	D02546	D02566	D02630	D02914	D03037	D03180	D03274	D03365	D03450	D03580	D03742	D03826	D03830	D03878	D03991	D04034	D04048	D04370	D04790	D04985	D04999	D05024	D05077	D05156	D05453	D05458	D05461	D06106	D06172	
D00035	155.0	118.0	25.0	71.0	48.0	2.0	20.0	7.0	12.0	11.0	24.0	11.0	11.0	15.0	14.0	31.0	8.0	21.0	17.0	20.0	48.0	49.0	12.0	22.0	21.0	31.0	40.0	0.0	19.0	31.0	5.0	16.0	40.0	33.0	18.0	9.0	17.0	32.0	38.0	18.0	11.0	3.0	19.0	20.0	6.0	21.0	32.0	20.0	13.0	8.0	20.0	30.0	6.0	12.0	8.0	23.0	20.0	56.0	12.0	18.0	2.0	5.0	4.0	5.0	5.0	5.0	23.0	4.0	2.0	17.0	20.0	28.0	11.0	23.0	50.0	47.0	44.0	7.0	48.0	102.0	37.0	35.0	17.0	35.0	20.0	4.0	28.0	40.0	4.0	25.0	129.0	23.0	100.0	13.0	24.0	20.0	24.0	21.0	23.0	62.0	11.0	12.0	29.0	7.0	22.0	25.0	15.0	21.0	23.0	26.0	39.0	29.0	22.0	23.0	26.0	101.0	58.0	28.0	113.0	0.0	3.0	31.0	25.0	16.0	20.0	8.0	15.0	8.0	8.0	44.0	4.0	105.0	1.0	39.0	7.0	61.0	10.0	15.0	20.0	16.0	26.0	76.0	50.0	11.0	444.0	56.0	41.0	12.0	34.0	35.0	11.0	12.0	27.0	34.0	12.0	130.0	18.0	70.0	19.0	36.0	14.0	24.0	24.0	148.0	43.0	31.0	14.0	34.0	28.0	68.0	46.0	64.0	136.0	88.0	21.0	17.0	35.0	62.0	22.0	82.0	27.0	64.0	15.0	17.0	54.0	36.0	29.0	40.0	20.0	70.0	150.0	30.0	64.0	127.0	28.0	37.0	32.0	47.0	62.0	126.0	31.0	34.0	58.0	36.0	80.0	19.0	3.0	66.0	25.0	14.0	
D00110	118.0	1335.0	93.0	193.0	133.0	53.0	48.0	58.0	96.0	90.0	97.0	63.0	109.0	45.0	121.0	107.0	95.0	117.0	83.0	28.0	114.0	137.0	111.0	78.0	117.0	108.0	151.0	37.0	60.0	89.0	78.0	64.0	87.0	99.0	31.0	78.0	25.0	129.0	124.0	58.0	96.0	55.0	109.0	80.0	74.0	42.0	59.0	91.0	142.0	61.0	72.0	182.0	18.0	39.0	74.0	118.0	116.0	154.0	62.0	33.0	4.0	10.0	11.0	10.0	10.0	14.0	152.0	50.0	57.0	95.0	78.0	135.0	88.0	82.0	109.0	165.0	66.0	14.0	235.0	223.0	166.0	134.0	68.0	115.0	158.0	33.0	106.0	72.0	36.0	133.0	339.0	106.0	204.0	42.0	114.0	142.0	80.0	45.0	80.0	182.0	96.0	73.0	117.0	8.0	107.0	51.0	93.0	71.0	101.0	78.0	68.0	62.0	53.0	101.0	60.0	455.0	155.0	145.0	341.0	18.0	24.0	90.0	64.0	64.0	60.0	78.0	76.0	77.0	95.0	100.0	34.0	202.0	61.0	63.0	14.0	237.0	76.0	98.0	78.0	73.0	87.0	279.0	95.0	197.0	1196.0	132.0	68.0	39.0	107.0	89.0	118.0	29.0	62.0	83.0	60.0	464.0	64.0	294.0	60.0	122.0	56.0	97.0	61.0	398.0	100.0	124.0	21.0	147.0	168.0	62.0	80.0	172.0	360.0	286.0	115.0	68.0	133.0	133.0	149.0	274.0	71.0	121.0	102.0	86.0	165.0	71.0	57.0	258.0	57.0	106.0	402.0	105.0	206.0	297.0	163.0	113.0	253.0	93.0	182.0	245.0	60.0	105.0	143.0	122.0	227.0	83.0	55.0	156.0	45.0	56.0	
D00136	25.0	93.0	987.0	39.0	128.0	85.0	57.0	80.0	206.0	93.0	231.0	130.0	132.0	85.0	130.0	101.0	115.0	165.0	92.0	62.0	118.0	190.0	140.0	69.0	141.0	79.0	211.0	64.0	85.0	143.0	151.0	110.0	101.0	104.0	21.0	107.0	49.0	82.0	90.0	84.0	85.0	113.0	88.0	103.0	99.0	40.0	68.0	62.0	113.0	68.0	59.0	208.0	14.0	41.0	91.0	145.0	76.0	31.0	56.0	45.0	12.0	17.0	13.0	17.0	17.0	20.0	81.0	66.0	94.0	75.0	69.0	214.0	98.0	118.0	135.0	162.0	102.0	39.0	157.0	123.0	137.0	92.0	159.0	85.0	147.0	52.0	156.0	113.0	47.0	122.0	79.0	142.0	334.0	42.0	108.0	103.0	76.0	64.0	76.0	95.0	85.0	122.0	110.0	18.0	76.0	34.0	100.0	105.0	102.0	129.0	111.0	81.0	93.0	102.0	90.0	380.0	241.0	146.0	90.0	56.0	60.0	115.0	126.0	110.0	119.0	111.0	103.0	103.0	115.0	100.0	64.0	53.0	84.0	66.0	7.0	88.0	114.0	131.0	69.0	138.0	78.0	112.0	91.0	172.0	58.0	147.0	102.0	41.0	203.0	89.0	93.0	33.0	97.0	85.0	90.0	198.0	150.0	75.0	85.0	117.0	57.0	231.0	95.0	84.0	140.0	47.0	47.0	128.0	232.0	122.0	118.0	70.0	148.0	148.0	110.0	159.0	122.0	79.0	104.0	171.0	211.0	26.0	121.0	584.0	107.0	151.0	59.0	270.0	38.0	164.0	86.0	69.0	138.0	142.0	98.0	129.0	312.0	83.0	95.0	122.0	68.0	94.0	162.0	117.0	60.0	146.0	51.0	324.0	61.0	57.0	
D00195	71.0	193.0	39.0	1885.0	28.0	26.0	35.0	46.0	66.0	43.0	37.0	33.0	44.0	15.0	45.0	28.0	54.0	50.0	27.0	10.0	34.0	61.0	44.0	22.0	37.0	31.0	125.0	22.0	22.0	35.0	39.0	51.0	27.0	27.0	2.0	43.0	15.0	32.0	32.0	39.0	33.0	31.0	28.0	28.0	38.0	3.0	6.0	25.0	47.0	54.0	22.0	79.0	6.0	8.0	36.0	42.0	27.0	198.0	19.0	4.0	0.0	0.0	1.0	0.0	0.0	1.0	68.0	21.0	30.0	22.0	28.0	74.0	45.0	25.0	25.0	115.0	17.0	5.0	61.0	187.0	58.0	33.0	57.0	31.0	55.0	24.0	44.0	45.0	28.0	71.0	638.0	59.0	83.0	7.0	32.0	44.0	22.0	13.0	21.0	118.0	36.0	32.0	24.0	8.0	28.0	50.0	30.0	22.0	27.0	48.0	45.0	23.0	46.0	27.0	29.0	231.0	69.0	277.0	448.0	19.0	15.0	36.0	32.0	52.0	31.0	47.0	46.0	47.0	55.0	94.0	15.0	251.0	40.0	9.0	8.0	166.0	41.0	55.0	29.0	35.0	29.0	335.0	65.0	76.0	1720.0	48.0	28.0	11.0	60.0	28.0	53.0	19.0	39.0	25.0	32.0	304.0	55.0	190.0	23.0	54.0	19.0	42.0	42.0	3726.0	40.0	266.0	12.0	178.0	99.0	23.0	14.0	325.0	661.0	551.0	41.0	50.0	123.0	166.0	33.0	174.0	45.0	136.0	45.0	48.0	45.0	28.0	5.0	84.0	61.0	40.0	3719.0	214.0	222.0	260.0	108.0	71.0	104.0	65.0	117.0	215.0	9.0	30.0	120.0	53.0	285.0	32.0	24.0	69.0	8.0	18.0	
D00219	48.0	133.0	128.0	28.0	916.0	34.0	75.0	47.0	84.0	82.0	126.0	49.0	86.0	107.0	100.0	114.0	105.0	101.0	137.0	74.0	736.0	756.0	89.0	145.0	160.0	106.0	118.0	33.0	81.0	105.0	58.0	69.0	460.0	194.0	42.0	47.0	60.0	121.0	132.0	100.0	80.0	43.0	127.0	110.0	44.0	64.0	184.0	138.0	105.0	55.0	140.0	188.0	12.0	63.0	76.0	129.0	101.0	52.0	92.0	90.0	5.0	7.0	5.0	7.0	7.0	8.0	87.0	41.0	37.0	94.0	86.0	171.0	59.0	151.0	353.0	146.0	165.0	23.0	237.0	111.0	156.0	129.0	75.0	130.0	113.0	44.0	129.0	147.0	29.0	117.0	68.0	153.0	388.0	75.0	169.0	173.0	149.0	90.0	148.0	100.0	80.0	75.0	123.0	22.0	120.0	55.0	98.0	93.0	104.0	117.0	159.0	110.0	73.0	104.0	113.0	428.0	173.0	64.0	106.0	15.0	19.0	107.0	72.0	69.0	67.0	54.0	54.0	56.0	105.0	68.0	40.0	81.0	110.0	164.0	33.0	104.0	46.0	79.0	86.0	75.0	156.0	157.0	113.0	112.0	207.0	151.0	133.0	63.0	148.0	436.0	89.0	46.0	97.0	436.0	81.0	270.0	72.0	75.0	81.0	126.0	70.0	126.0	104.0	84.0	114.0	28.0	47.0	71.0	128.0	221.0	202.0	42.0	125.0	125.0	210.0	75.0	40.0	80.0	146.0	218.0	118.0	52.0	93.0	109.0	161.0	106.0	174.0	224.0	34.0	216.0	97.0	46.0	163.0	145.0	88.0	172.0	206.0	103.0	100.0	163.0	152.0	99.0	95.0	126.0	98.0	94.0	35.0	270.0	117.0	70.0	
D00225	2.0	53.0	85.0	26.0	34.0	712.0	17.0	108.0	146.0	100.0	71.0	102.0	100.0	47.0	87.0	58.0	82.0	101.0	47.0	1.0	41.0	81.0	101.0	24.0	88.0	46.0	107.0	62.0	40.0	75.0	104.0	100.0	33.0	36.0	3.0	101.0	12.0	56.0	46.0	37.0	70.0	111.0	51.0	37.0	97.0	1.0	3.0	51.0	99.0	55.0	26.0	134.0	1.0	14.0	57.0	101.0	52.0	2.0	54.0	1.0	5.0	3.0	5.0	6.0	3.0	3.0	55.0	41.0	321.0	35.0	50.0	116.0	77.0	35.0	39.0	86.0	2.0	3.0	107.0	80.0	95.0	57.0	64.0	45.0	101.0	29.0	74.0	31.0	39.0	99.0	48.0	67.0	75.0	22.0	109.0	77.0	25.0	36.0	31.0	62.0	70.0	112.0	44.0	3.0	52.0	1.0	50.0	40.0	36.0	62.0	32.0	40.0	34.0	36.0	33.0	246.0	97.0	116.0	4.0	57.0	38.0	53.0	123.0	100.0	123.0	100.0	100.0	100.0	82.0	53.0	29.0	7.0	68.0	5.0	0.0	52.0	98.0	111.0	50.0	97.0	29.0	67.0	40.0	149.0	6.0	129.0	40.0	14.0	124.0	35.0	102.0	9.0	32.0	31.0	56.0	106.0	56.0	54.0	40.0	104.0	40.0	71.0	32.0	52.0	126.0	28.0	0.0	91.0	204.0	4.0	6.0	47.0	94.0	94.0	55.0	64.0	98.0	53.0	64.0	123.0	95.0	5.0	133.0	110.0	61.0	112.0	3.0	182.0	22.0	20.0	52.0	27.0	52.0	82.0	120.0	79.0	216.0	40.0	62.0	4.0	4.0	52.0	115.0	104.0	26.0	50.0	50.0	99.0	4.0	40.0	
D00227	20.0	48.0	57.0	35.0	75.0	17.0	2371.0	26.0	50.0	41.0	56.0	35.0	48.0	47.0	43.0	60.0	23.0	58.0	67.0	20.0	83.0	83.0	48.0	78.0	62.0	69.0	61.0	24.0	43.0	53.0	29.0	33.0	56.0	72.0	35.0	40.0	16.0	61.0	70.0	86.0	46.0	39.0	43.0	42.0	38.0	36.0	52.0	36.0	33.0	42.0	71.0	62.0	19.0	162.0	53.0	58.0	36.0	49.0	40.0	32.0	0.0	0.0	0.0	0.0	0.0	2.0	53.0	45.0	17.0	29.0	31.0	95.0	26.0	47.0	105.0	67.0	46.0	20.0	93.0	63.0	80.0	68.0	70.0	64.0	35.0	23.0	76.0	44.0	23.0	38.0	76.0	81.0	148.0	40.0	79.0	78.0	78.0	61.0	77.0	63.0	50.0	53.0	60.0	4.0	42.0	22.0	32.0	44.0	39.0	61.0	34.0	41.0	21.0	39.0	38.0	205.0	163.0	86.0	59.0	20.0	20.0	23.0	21.0	35.0	21.0	38.0	36.0	34.0	25.0	37.0	45.0	37.0	28.0	56.0	25.0	45.0	43.0	470.0	33.0	56.0	79.0	96.0	46.0	28.0	190.0	67.0	46.0	175.0	65.0	55.0	44.0	771.0	36.0	54.0	75.0	94.0	78.0	94.0	45.0	58.0	37.0	60.0	35.0	89.0	43.0	34.0	31.0	71.0	71.0	52.0	86.0	52.0	126.0	126.0	56.0	68.0	38.0	34.0	194.0	91.0	66.0	33.0	22.0	61.0	79.0	43.0	51.0	97.0	15.0	62.0	93.0	36.0	150.0	88.0	44.0	37.0	93.0	46.0	61.0	46.0	57.0	31.0	81.0	56.0	69.0	24.0	13.0	240.0	40.0	35.0	
D00228	7.0	58.0	80.0	46.0	47.0	108.0	26.0	580.0	138.0	100.0	66.0	85.0	89.0	32.0	100.0	52.0	96.0	98.0	46.0	15.0	52.0	82.0	90.0	30.0	82.0	54.0	87.0	42.0	44.0	66.0	90.0	130.0	44.0	46.0	3.0	104.0	21.0	62.0	52.0	53.0	68.0	90.0	61.0	49.0	101.0	5.0	13.0	55.0	108.0	67.0	30.0	154.0	5.0	8.0	60.0	105.0	60.0	5.0	49.0	8.0	2.0	3.0	2.0	3.0	3.0	3.0	60.0	44.0	113.0	38.0	62.0	132.0	84.0	45.0	52.0	101.0	28.0	8.0	120.0	88.0	104.0	65.0	74.0	51.0	116.0	32.0	90.0	48.0	41.0	121.0	72.0	74.0	119.0	11.0	93.0	83.0	31.0	23.0	33.0	63.0	68.0	91.0	42.0	6.0	59.0	12.0	63.0	38.0	44.0	82.0	52.0	45.0	50.0	44.0	45.0	232.0	84.0	105.0	24.0	34.0	33.0	70.0	113.0	130.0	110.0	105.0	110.0	109.0	96.0	57.0	27.0	15.0	66.0	14.0	0.0	60.0	105.0	111.0	62.0	84.0	46.0	59.0	50.0	163.0	20.0	116.0	52.0	8.0	142.0	42.0	106.0	13.0	46.0	45.0	62.0	122.0	65.0	56.0	44.0	145.0	41.0	66.0	46.0	92.0	116.0	42.0	10.0	84.0	214.0	40.0	26.0	71.0	142.0	142.0	61.0	74.0	78.0	85.0	61.0	113.0	85.0	9.0	127.0	105.0	71.0	80.0	11.0	174.0	32.0	49.0	92.0	56.0	100.0	92.0	114.0	97.0	207.0	48.0	63.0	27.0	13.0	62.0	108.0	145.0	36.0	66.0	55.0	120.0	14.0	41.0	
D00234	12.0	96.0	206.0	66.0	84.0	146.0	50.0	138.0	1377.0	155.0	179.0	145.0	143.0	68.0	160.0	81.0	155.0	162.0	93.0	33.0	91.0	155.0	150.0	45.0	132.0	82.0	169.0	68.0	81.0	144.0	150.0	155.0	82.0	86.0	8.0	172.0	44.0	88.0	84.0	81.0	112.0	137.0	87.0	82.0	163.0	15.0	34.0	75.0	146.0	110.0	41.0	251.0	10.0	23.0	98.0	159.0	86.0	18.0	75.0	18.0	8.0	15.0	9.0	12.0	15.0	20.0	88.0	81.0	159.0	67.0	90.0	254.0	130.0	87.0	125.0	205.0	74.0	33.0	172.0	158.0	155.0	98.0	196.0	79.0	184.0	54.0	147.0	109.0	71.0	176.0	104.0	149.0	240.0	17.0	137.0	117.0	52.0	49.0	46.0	112.0	112.0	138.0	84.0	12.0	85.0	19.0	97.0	65.0	81.0	144.0	107.0	82.0	127.0	81.0	80.0	434.0	226.0	204.0	54.0	59.0	76.0	126.0	176.0	155.0	171.0	170.0	170.0	168.0	155.0	108.0	72.0	34.0	112.0	29.0	0.0	99.0	165.0	187.0	90.0	145.0	61.0	99.0	92.0	232.0	16.0	175.0	97.0	23.0	238.0	86.0	148.0	28.0	90.0	71.0	87.0	208.0	179.0	93.0	81.0	153.0	68.0	179.0	95.0	132.0	178.0	67.0	32.0	165.0	360.0	74.0	66.0	103.0	206.0	206.0	111.0	196.0	135.0	118.0	97.0	173.0	169.0	14.0	181.0	319.0	101.0	137.0	29.0	284.0	47.0	92.0	132.0	84.0	126.0	169.0	154.0	167.0	343.0	87.0	112.0	78.0	33.0	95.0	223.0	153.0	51.0	110.0	82.0	252.0	34.0	68.0	
D00252	11.0	90.0	93.0	43.0	82.0	100.0	41.0	100.0	155.0	504.0	84.0	145.0	137.0	70.0	117.0	72.0	104.0	137.0	80.0	6.0	92.0	123.0	138.0	50.0	147.0	81.0	113.0	44.0	61.0	125.0	136.0	97.0	73.0	67.0	13.0	227.0	13.0	99.0	76.0	58.0	91.0	142.0	87.0	49.0	209.0	16.0	39.0	104.0	151.0	82.0	49.0	175.0	2.0	19.0	65.0	308.0	87.0	11.0	112.0	17.0	2.0	3.0	2.0	3.0	3.0	3.0	79.0	45.0	110.0	44.0	85.0	175.0	98.0	53.0	113.0	147.0	24.0	3.0	175.0	138.0	143.0	100.0	76.0	75.0	140.0	29.0	120.0	47.0	47.0	148.0	70.0	87.0	106.0	24.0	115.0	119.0	51.0	50.0	53.0	118.0	91.0	152.0	56.0	5.0	89.0	6.0	71.0	35.0	44.0	118.0	45.0	62.0	35.0	44.0	44.0	293.0	85.0	93.0	19.0	47.0	51.0	73.0	98.0	97.0	98.0	219.0	227.0	220.0	104.0	69.0	23.0	21.0	71.0	36.0	7.0	87.0	208.0	229.0	85.0	163.0	59.0	90.0	62.0	209.0	54.0	130.0	62.0	19.0	210.0	75.0	145.0	22.0	45.0	72.0	55.0	202.0	58.0	112.0	61.0	122.0	62.0	84.0	44.0	92.0	114.0	43.0	0.0	95.0	678.0	26.0	42.0	63.0	134.0	134.0	85.0	76.0	138.0	72.0	96.0	138.0	93.0	12.0	138.0	125.0	112.0	68.0	39.0	281.0	27.0	35.0	94.0	41.0	112.0	146.0	152.0	117.0	307.0	62.0	118.0	18.0	41.0	79.0	126.0	122.0	45.0	67.0	69.0	138.0	28.0	62.0	
D00274	24.0	97.0	231.0	37.0	126.0	71.0	56.0	66.0	179.0	84.0	1242.0	106.0	116.0	72.0	98.0	95.0	94.0	139.0	108.0	48.0	112.0	158.0	124.0	80.0	153.0	75.0	150.0	60.0	68.0	122.0	103.0	87.0	91.0	102.0	21.0	88.0	53.0	77.0	89.0	67.0	81.0	100.0	80.0	118.0	81.0	34.0	57.0	63.0	94.0	58.0	67.0	157.0	19.0	46.0	82.0	106.0	82.0	30.0	49.0	35.0	12.0	18.0	17.0	18.0	18.0	23.0	82.0	55.0	79.0	95.0	59.0	180.0	70.0	110.0	128.0	138.0	104.0	25.0	154.0	103.0	119.0	84.0	141.0	81.0	116.0	48.0	161.0	105.0	48.0	104.0	71.0	129.0	277.0	77.0	113.0	100.0	88.0	71.0	87.0	90.0	81.0	108.0	137.0	14.0	72.0	35.0	83.0	281.0	114.0	115.0	100.0	75.0	90.0	114.0	72.0	375.0	258.0	143.0	73.0	50.0	57.0	95.0	102.0	87.0	96.0	94.0	86.0	87.0	94.0	90.0	61.0	41.0	67.0	65.0	7.0	68.0	91.0	114.0	59.0	117.0	89.0	118.0	80.0	127.0	84.0	126.0	91.0	46.0	184.0	81.0	75.0	31.0	94.0	79.0	83.0	156.0	140.0	76.0	68.0	107.0	54.0	1242.0	87.0	80.0	117.0	45.0	36.0	122.0	186.0	112.0	90.0	61.0	130.0	130.0	97.0	141.0	110.0	79.0	111.0	177.0	181.0	24.0	98.0	312.0	106.0	118.0	51.0	249.0	32.0	129.0	82.0	57.0	128.0	118.0	81.0	113.0	264.0	74.0	90.0	91.0	58.0	78.0	133.0	107.0	54.0	95.0	42.0	294.0	48.0	54.0	
D00283	11.0	63.0	130.0	33.0	49.0	102.0	35.0	85.0	145.0	145.0	106.0	714.0	125.0	93.0	103.0	63.0	91.0	147.0	56.0	21.0	53.0	96.0	126.0	31.0	115.0	55.0	157.0	53.0	65.0	122.0	134.0	96.0	49.0	43.0	16.0	162.0	29.0	64.0	53.0	60.0	84.0	169.0	66.0	57.0	155.0	18.0	20.0	52.0	114.0	68.0	30.0	179.0	5.0	13.0	68.0	148.0	55.0	9.0	79.0	15.0	4.0	1.0	4.0	4.0	1.0	2.0	57.0	43.0	110.0	35.0	63.0	168.0	98.0	50.0	79.0	127.0	34.0	17.0	124.0	122.0	113.0	68.0	97.0	51.0	133.0	27.0	118.0	50.0	45.0	116.0	61.0	83.0	138.0	15.0	76.0	81.0	32.0	73.0	36.0	94.0	84.0	171.0	48.0	6.0	67.0	19.0	71.0	59.0	54.0	106.0	64.0	66.0	49.0	54.0	57.0	241.0	111.0	103.0	39.0	85.0	49.0	94.0	133.0	96.0	130.0	160.0	157.0	154.0	91.0	75.0	36.0	17.0	66.0	32.0	0.0	79.0	169.0	176.0	63.0	145.0	34.0	51.0	68.0	215.0	16.0	130.0	73.0	13.0	189.0	46.0	108.0	17.0	59.0	45.0	51.0	142.0	88.0	87.0	65.0	95.0	47.0	106.0	56.0	66.0	133.0	39.0	16.0	95.0	344.0	58.0	42.0	60.0	120.0	120.0	56.0	97.0	142.0	72.0	65.0	108.0	151.0	10.0	118.0	167.0	72.0	123.0	18.0	232.0	34.0	70.0	66.0	46.0	98.0	127.0	105.0	111.0	265.0	66.0	94.0	27.0	26.0	70.0	124.0	95.0	38.0	130.0	55.0	177.0	20.0	47.0	
D00293	11.0	109.0	132.0	44.0	86.0	100.0	48.0	89.0	143.0	137.0	116.0	125.0	560.0	95.0	125.0	88.0	122.0	564.0	87.0	18.0	78.0	134.0	561.0	65.0	137.0	70.0	154.0	68.0	55.0	147.0	132.0	89.0	63.0	78.0	16.0	141.0	24.0	91.0	74.0	58.0	136.0	121.0	130.0	71.0	136.0	16.0	26.0	80.0	155.0	74.0	58.0	204.0	3.0	27.0	91.0	148.0	104.0	12.0	69.0	18.0	5.0	3.0	5.0	6.0	3.0	3.0	97.0	60.0	109.0	66.0	77.0	186.0	113.0	92.0	86.0	117.0	40.0	8.0	191.0	106.0	140.0	93.0	90.0	73.0	152.0	46.0	115.0	60.0	47.0	147.0	70.0	107.0	161.0	37.0	111.0	124.0	66.0	56.0	70.0	85.0	136.0	127.0	76.0	5.0	129.0	21.0	136.0	68.0	69.0	89.0	59.0	60.0	52.0	69.0	52.0	346.0	116.0	114.0	22.0	56.0	48.0	92.0	90.0	89.0	89.0	129.0	143.0	131.0	122.0	70.0	39.0	16.0	83.0	36.0	5.0	81.0	138.0	164.0	77.0	188.0	67.0	99.0	60.0	215.0	48.0	107.0	63.0	27.0	159.0	63.0	143.0	25.0	51.0	61.0	67.0	172.0	77.0	85.0	55.0	100.0	53.0	116.0	52.0	94.0	99.0	44.0	5.0	104.0	268.0	48.0	46.0	63.0	132.0	132.0	103.0	90.0	129.0	79.0	124.0	133.0	136.0	14.0	132.0	158.0	101.0	96.0	25.0	313.0	36.0	59.0	94.0	46.0	100.0	115.0	129.0	122.0	343.0	59.0	85.0	26.0	25.0	89.0	99.0	100.0	54.0	88.0	68.0	180.0	23.0	53.0	
D00294	15.0	45.0	85.0	15.0	107.0	47.0	47.0	32.0	68.0	70.0	72.0	93.0	95.0	371.0	40.0	60.0	32.0	98.0	84.0	18.0	111.0	144.0	96.0	81.0	88.0	43.0	113.0	32.0	34.0	107.0	61.0	38.0	94.0	83.0	19.0	52.0	16.0	50.0	50.0	69.0	37.0	71.0	45.0	31.0	55.0	25.0	42.0	43.0	51.0	26.0	77.0	61.0	4.0	31.0	30.0	84.0	35.0	27.0	71.0	26.0	4.0	1.0	4.0	4.0	1.0	2.0	30.0	17.0	51.0	29.0	34.0	70.0	28.0	47.0	131.0	68.0	47.0	4.0	111.0	54.0	65.0	51.0	46.0	50.0	41.0	18.0	57.0	43.0	15.0	48.0	41.0	78.0	118.0	28.0	98.0	93.0	82.0	77.0	87.0	42.0	37.0	83.0	42.0	7.0	43.0	18.0	32.0	39.0	31.0	54.0	36.0	38.0	22.0	31.0	30.0	226.0	86.0	52.0	30.0	38.0	31.0	30.0	41.0	38.0	40.0	53.0	53.0	53.0	32.0	28.0	17.0	21.0	26.0	48.0	19.0	40.0	55.0	84.0	34.0	110.0	83.0	67.0	38.0	53.0	111.0	72.0	41.0	31.0	73.0	92.0	51.0	26.0	30.0	92.0	40.0	106.0	39.0	38.0	34.0	66.0	32.0	72.0	30.0	46.0	57.0	15.0	7.0	52.0	112.0	53.0	54.0	29.0	83.0	83.0	60.0	46.0	78.0	28.0	59.0	81.0	87.0	16.0	41.0	95.0	63.0	70.0	41.0	142.0	10.0	50.0	55.0	19.0	81.0	67.0	50.0	53.0	147.0	37.0	42.0	35.0	42.0	33.0	57.0	66.0	38.0	28.0	17.0	147.0	29.0	32.0	
D00303	14.0	121.0	130.0	45.0	100.0	87.0	43.0	100.0	160.0	117.0	98.0	103.0	125.0	40.0	1001.0	132.0	160.0	147.0	80.0	41.0	119.0	140.0	132.0	53.0	118.0	149.0	127.0	69.0	88.0	99.0	112.0	118.0	87.0	87.0	38.0	149.0	37.0	157.0	163.0	80.0	114.0	84.0	109.0	83.0	144.0	40.0	71.0	97.0	272.0	119.0	50.0	418.0	42.0	33.0	125.0	130.0	135.0	54.0	71.0	33.0	12.0	16.0	12.0	16.0	16.0	26.0	118.0	118.0	94.0	64.0	118.0	217.0	145.0	89.0	134.0	175.0	69.0	50.0	244.0	158.0	235.0	187.0	153.0	141.0	298.0	45.0	127.0	100.0	72.0	191.0	81.0	151.0	271.0	25.0	120.0	151.0	58.0	47.0	66.0	104.0	114.0	93.0	83.0	19.0	111.0	39.0	110.0	67.0	83.0	118.0	93.0	79.0	70.0	83.0	90.0	379.0	164.0	143.0	71.0	30.0	35.0	129.0	113.0	118.0	110.0	133.0	119.0	119.0	160.0	96.0	114.0	46.0	125.0	62.0	7.0	157.0	154.0	164.0	118.0	97.0	67.0	109.0	86.0	357.0	129.0	140.0	90.0	33.0	186.0	82.0	181.0	32.0	87.0	79.0	99.0	242.0	144.0	81.0	88.0	124.0	81.0	98.0	86.0	104.0	128.0	61.0	61.0	134.0	280.0	73.0	136.0	66.0	141.0	141.0	108.0	153.0	83.0	90.0	126.0	173.0	130.0	38.0	160.0	162.0	164.0	90.0	67.0	256.0	49.0	145.0	99.0	59.0	169.0	190.0	153.0	161.0	324.0	82.0	104.0	83.0	84.0	127.0	145.0	124.0	101.0	134.0	111.0	162.0	68.0	81.0	
D00319	31.0	107.0	101.0	28.0	114.0	58.0	60.0	52.0	81.0	72.0	95.0	63.0	88.0	60.0	132.0	1072.0	76.0	98.0	74.0	32.0	127.0	157.0	95.0	65.0	104.0	564.0	103.0	82.0	64.0	109.0	72.0	50.0	85.0	88.0	70.0	70.0	20.0	559.0	638.0	69.0	59.0	67.0	79.0	63.0	66.0	60.0	97.0	92.0	111.0	74.0	66.0	161.0	34.0	48.0	79.0	95.0	102.0	69.0	53.0	46.0	17.0	23.0	23.0	29.0	23.0	30.0	91.0	79.0	61.0	70.0	86.0	116.0	68.0	73.0	171.0	114.0	75.0	39.0	430.0	116.0	626.0	579.0	103.0	614.0	113.0	32.0	86.0	89.0	39.0	111.0	64.0	113.0	197.0	57.0	102.0	115.0	68.0	70.0	88.0	76.0	59.0	99.0	107.0	16.0	89.0	27.0	57.0	71.0	81.0	79.0	72.0	60.0	43.0	79.0	81.0	322.0	213.0	101.0	75.0	28.0	25.0	68.0	56.0	50.0	53.0	61.0	48.0	53.0	76.0	50.0	75.0	60.0	62.0	116.0	15.0	104.0	73.0	102.0	86.0	94.0	79.0	137.0	60.0	124.0	149.0	135.0	63.0	48.0	81.0	84.0	99.0	38.0	80.0	83.0	72.0	182.0	103.0	64.0	64.0	124.0	66.0	95.0	82.0	70.0	97.0	40.0	37.0	87.0	138.0	63.0	156.0	40.0	97.0	97.0	92.0	103.0	62.0	50.0	106.0	180.0	89.0	44.0	68.0	104.0	412.0	94.0	96.0	182.0	27.0	134.0	73.0	30.0	165.0	149.0	99.0	96.0	192.0	59.0	76.0	65.0	108.0	97.0	104.0	124.0	97.0	58.0	53.0	168.0	85.0	66.0	
D00326	8.0	95.0	115.0	54.0	105.0	82.0	23.0	96.0	155.0	104.0	94.0	91.0	122.0	32.0	160.0	76.0	657.0	130.0	65.0	24.0	117.0	160.0	153.0	41.0	105.0	72.0	109.0	67.0	60.0	71.0	115.0	98.0	97.0	72.0	7.0	112.0	33.0	92.0	83.0	55.0	100.0	78.0	95.0	71.0	108.0	8.0	23.0	83.0	173.0	95.0	45.0	306.0	6.0	12.0	96.0	110.0	94.0	6.0	60.0	12.0	34.0	56.0	34.0	58.0	67.0	94.0	99.0	72.0	93.0	62.0	90.0	236.0	125.0	73.0	69.0	125.0	38.0	15.0	182.0	144.0	158.0	98.0	106.0	80.0	186.0	53.0	107.0	174.0	58.0	181.0	81.0	126.0	198.0	19.0	124.0	125.0	78.0	26.0	46.0	75.0	100.0	81.0	71.0	15.0	92.0	14.0	98.0	54.0	68.0	91.0	136.0	63.0	78.0	68.0	114.0	328.0	122.0	126.0	26.0	34.0	89.0	106.0	152.0	98.0	150.0	110.0	116.0	115.0	657.0	180.0	60.0	19.0	193.0	23.0	1.0	107.0	112.0	118.0	90.0	85.0	47.0	81.0	68.0	257.0	36.0	162.0	71.0	12.0	161.0	93.0	159.0	14.0	76.0	91.0	76.0	188.0	97.0	70.0	60.0	98.0	58.0	94.0	96.0	114.0	158.0	56.0	18.0	111.0	228.0	52.0	46.0	71.0	144.0	144.0	129.0	106.0	83.0	128.0	98.0	127.0	158.0	20.0	151.0	210.0	103.0	71.0	20.0	237.0	46.0	93.0	110.0	55.0	106.0	158.0	132.0	203.0	295.0	65.0	75.0	77.0	21.0	100.0	101.0	98.0	72.0	104.0	83.0	162.0	23.0	58.0	
D00329	21.0	117.0	165.0	50.0	101.0	101.0	58.0	98.0	162.0	137.0	139.0	147.0	564.0	98.0	147.0	98.0	130.0	900.0	88.0	40.0	94.0	149.0	566.0	66.0	140.0	81.0	178.0	68.0	100.0	164.0	138.0	113.0	78.0	92.0	23.0	161.0	36.0	98.0	88.0	79.0	143.0	121.0	138.0	124.0	147.0	30.0	51.0	81.0	156.0	83.0	59.0	236.0	14.0	31.0	107.0	151.0	108.0	22.0	70.0	33.0	6.0	4.0	6.0	7.0	4.0	5.0	102.0	71.0	110.0	69.0	90.0	210.0	121.0	106.0	121.0	147.0	74.0	25.0	206.0	132.0	163.0	107.0	128.0	83.0	178.0	49.0	169.0	84.0	53.0	165.0	81.0	128.0	293.0	37.0	112.0	125.0	67.0	58.0	71.0	98.0	143.0	128.0	88.0	12.0	137.0	34.0	151.0	121.0	112.0	144.0	92.0	75.0	76.0	112.0	81.0	394.0	171.0	136.0	61.0	56.0	48.0	120.0	129.0	113.0	122.0	149.0	162.0	141.0	130.0	85.0	53.0	38.0	85.0	54.0	5.0	97.0	176.0	177.0	90.0	196.0	74.0	104.0	84.0	236.0	58.0	140.0	90.0	31.0	188.0	75.0	147.0	30.0	104.0	70.0	73.0	202.0	116.0	90.0	100.0	121.0	59.0	139.0	102.0	106.0	138.0	59.0	34.0	124.0	292.0	98.0	96.0	73.0	152.0	152.0	106.0	128.0	133.0	85.0	128.0	183.0	183.0	23.0	148.0	192.0	116.0	136.0	47.0	339.0	43.0	106.0	106.0	64.0	136.0	147.0	130.0	142.0	369.0	80.0	98.0	66.0	52.0	104.0	137.0	121.0	65.0	123.0	74.0	219.0	44.0	59.0	
D00331	17.0	83.0	92.0	27.0	137.0	47.0	67.0	46.0	93.0	80.0	108.0	56.0	87.0	84.0	80.0	74.0	65.0	88.0	759.0	33.0	126.0	149.0	89.0	184.0	125.0	69.0	95.0	39.0	47.0	72.0	69.0	44.0	100.0	160.0	24.0	65.0	19.0	84.0	83.0	101.0	71.0	63.0	75.0	71.0	61.0	22.0	42.0	65.0	83.0	45.0	158.0	119.0	10.0	62.0	75.0	100.0	80.0	44.0	97.0	22.0	3.0	4.0	3.0	4.0	4.0	7.0	72.0	45.0	51.0	69.0	48.0	115.0	53.0	77.0	133.0	109.0	52.0	6.0	198.0	78.0	111.0	86.0	79.0	81.0	68.0	50.0	110.0	69.0	31.0	84.0	86.0	158.0	235.0	49.0	204.0	189.0	182.0	86.0	181.0	68.0	71.0	80.0	104.0	11.0	74.0	18.0	59.0	79.0	74.0	74.0	42.0	46.0	35.0	70.0	43.0	405.0	165.0	97.0	27.0	28.0	33.0	40.0	40.0	44.0	40.0	63.0	63.0	63.0	65.0	49.0	53.0	24.0	53.0	49.0	28.0	70.0	60.0	96.0	48.0	77.0	180.0	142.0	46.0	93.0	226.0	114.0	46.0	62.0	98.0	100.0	90.0	39.0	45.0	99.0	89.0	128.0	79.0	68.0	47.0	79.0	48.0	108.0	43.0	100.0	77.0	28.0	6.0	93.0	130.0	48.0	54.0	42.0	122.0	122.0	107.0	79.0	63.0	47.0	127.0	148.0	85.0	54.0	56.0	99.0	111.0	60.0	42.0	200.0	18.0	103.0	92.0	25.0	128.0	130.0	93.0	70.0	208.0	46.0	68.0	57.0	42.0	53.0	74.0	79.0	132.0	36.0	33.0	429.0	28.0	48.0	
D00332	20.0	28.0	62.0	10.0	74.0	1.0	20.0	15.0	33.0	6.0	48.0	21.0	18.0	18.0	41.0	32.0	24.0	40.0	33.0	215.0	76.0	75.0	20.0	23.0	25.0	29.0	33.0	0.0	29.0	49.0	10.0	43.0	71.0	41.0	12.0	18.0	45.0	36.0	45.0	21.0	23.0	7.0	40.0	28.0	11.0	37.0	62.0	15.0	12.0	29.0	17.0	76.0	14.0	10.0	17.0	18.0	23.0	35.0	11.0	45.0	3.0	4.0	3.0	4.0	4.0	5.0	12.0	13.0	1.0	11.0	24.0	52.0	10.0	59.0	82.0	88.0	123.0	36.0	46.0	21.0	44.0	46.0	48.0	42.0	52.0	16.0	54.0	83.0	10.0	52.0	50.0	46.0	271.0	8.0	26.0	19.0	24.0	26.0	30.0	31.0	23.0	15.0	18.0	26.0	20.0	49.0	60.0	28.0	27.0	56.0	89.0	51.0	54.0	27.0	40.0	118.0	103.0	23.0	94.0	0.0	2.0	73.0	43.0	43.0	37.0	27.0	23.0	25.0	24.0	30.0	16.0	49.0	3.0	73.0	9.0	51.0	18.0	17.0	24.0	23.0	41.0	38.0	58.0	21.0	117.0	79.0	77.0	10.0	99.0	48.0	13.0	17.0	54.0	46.0	30.0	98.0	49.0	12.0	29.0	41.0	15.0	48.0	43.0	50.0	64.0	15.0	60.0	26.0	64.0	171.0	118.0	16.0	45.0	45.0	21.0	48.0	6.0	7.0	15.0	75.0	84.0	67.0	51.0	60.0	59.0	63.0	51.0	33.0	15.0	211.0	33.0	34.0	47.0	89.0	22.0	52.0	33.0	47.0	31.0	161.0	58.0	38.0	53.0	41.0	119.0	76.0	10.0	159.0	58.0	15.0	
D00335	48.0	114.0	118.0	34.0	736.0	41.0	83.0	52.0	91.0	92.0	112.0	53.0	78.0	111.0	119.0	127.0	117.0	94.0	126.0	76.0	1578.0	1080.0	82.0	132.0	141.0	122.0	121.0	47.0	87.0	119.0	57.0	72.0	511.0	180.0	43.0	53.0	68.0	135.0	151.0	114.0	83.0	44.0	128.0	86.0	47.0	70.0	213.0	163.0	114.0	63.0	132.0	199.0	13.0	64.0	85.0	127.0	90.0	52.0	99.0	98.0	7.0	9.0	7.0	9.0	9.0	10.0	86.0	39.0	44.0	68.0	102.0	172.0	74.0	144.0	404.0	150.0	177.0	26.0	235.0	125.0	187.0	143.0	79.0	148.0	126.0	67.0	121.0	187.0	33.0	141.0	75.0	175.0	368.0	75.0	159.0	179.0	136.0	94.0	139.0	93.0	83.0	77.0	106.0	22.0	120.0	57.0	88.0	79.0	79.0	139.0	178.0	119.0	77.0	79.0	132.0	404.0	180.0	72.0	105.0	17.0	21.0	107.0	78.0	72.0	73.0	60.0	61.0	63.0	117.0	78.0	54.0	77.0	158.0	178.0	33.0	138.0	51.0	87.0	102.0	83.0	146.0	149.0	122.0	128.0	213.0	157.0	142.0	64.0	160.0	487.0	113.0	48.0	110.0	458.0	86.0	302.0	76.0	64.0	87.0	135.0	84.0	112.0	117.0	96.0	120.0	36.0	49.0	84.0	136.0	233.0	240.0	47.0	135.0	135.0	189.0	79.0	41.0	93.0	126.0	208.0	119.0	51.0	94.0	116.0	175.0	110.0	203.0	179.0	43.0	223.0	109.0	49.0	173.0	160.0	89.0	201.0	190.0	112.0	93.0	158.0	176.0	101.0	101.0	135.0	115.0	97.0	47.0	279.0	138.0	84.0	
D00336	49.0	137.0	190.0	61.0	756.0	81.0	83.0	82.0	155.0	123.0	158.0	96.0	134.0	144.0	140.0	157.0	160.0	149.0	149.0	75.0	1080.0	1723.0	137.0	147.0	192.0	132.0	184.0	74.0	105.0	156.0	133.0	101.0	527.0	205.0	47.0	82.0	74.0	152.0	162.0	127.0	104.0	87.0	151.0	110.0	78.0	69.0	205.0	181.0	154.0	98.0	143.0	252.0	13.0	61.0	96.0	160.0	114.0	54.0	114.0	97.0	8.0	7.0	9.0	10.0	7.0	9.0	100.0	59.0	87.0	94.0	121.0	226.0	105.0	169.0	410.0	198.0	181.0	23.0	277.0	165.0	216.0	159.0	126.0	159.0	167.0	83.0	157.0	199.0	58.0	206.0	106.0	230.0	416.0	84.0	196.0	208.0	159.0	114.0	159.0	114.0	104.0	119.0	121.0	22.0	150.0	56.0	111.0	106.0	104.0	169.0	199.0	145.0	115.0	104.0	139.0	514.0	222.0	130.0	105.0	47.0	35.0	132.0	101.0	101.0	96.0	90.0	92.0	94.0	160.0	92.0	55.0	76.0	173.0	182.0	33.0	140.0	80.0	122.0	121.0	124.0	160.0	177.0	148.0	188.0	213.0	180.0	168.0	61.0	205.0	503.0	151.0	48.0	127.0	477.0	96.0	336.0	119.0	84.0	105.0	165.0	97.0	158.0	143.0	150.0	143.0	61.0	47.0	128.0	198.0	235.0	224.0	80.0	201.0	201.0	224.0	126.0	92.0	140.0	146.0	242.0	171.0	51.0	131.0	174.0	194.0	150.0	195.0	297.0	53.0	224.0	163.0	74.0	209.0	198.0	126.0	247.0	321.0	138.0	114.0	157.0	167.0	123.0	126.0	165.0	117.0	117.0	65.0	315.0	130.0	97.0	
D00338	12.0	111.0	140.0	44.0	89.0	101.0	48.0	90.0	150.0	138.0	124.0	126.0	561.0	96.0	132.0	95.0	153.0	566.0	89.0	20.0	82.0	137.0	852.0	66.0	139.0	79.0	156.0	68.0	57.0	149.0	132.0	89.0	65.0	80.0	20.0	151.0	24.0	98.0	83.0	61.0	136.0	122.0	131.0	73.0	138.0	18.0	31.0	83.0	159.0	77.0	59.0	213.0	6.0	27.0	93.0	150.0	107.0	15.0	71.0	20.0	48.0	59.0	40.0	48.0	55.0	63.0	98.0	63.0	112.0	67.0	80.0	195.0	114.0	93.0	95.0	121.0	43.0	12.0	199.0	110.0	148.0	102.0	95.0	80.0	155.0	46.0	117.0	134.0	49.0	151.0	72.0	110.0	169.0	39.0	140.0	126.0	94.0	58.0	74.0	87.0	136.0	130.0	85.0	8.0	131.0	23.0	136.0	70.0	71.0	91.0	62.0	61.0	52.0	71.0	55.0	353.0	121.0	116.0	24.0	56.0	77.0	94.0	122.0	89.0	121.0	130.0	143.0	131.0	153.0	129.0	45.0	20.0	86.0	42.0	6.0	86.0	148.0	166.0	80.0	191.0	70.0	105.0	61.0	218.0	57.0	143.0	64.0	27.0	159.0	65.0	146.0	26.0	54.0	63.0	70.0	178.0	82.0	86.0	57.0	103.0	56.0	124.0	55.0	96.0	133.0	46.0	9.0	106.0	270.0	51.0	56.0	63.0	133.0	133.0	104.0	95.0	129.0	79.0	125.0	140.0	166.0	18.0	133.0	200.0	110.0	101.0	30.0	316.0	36.0	69.0	95.0	46.0	105.0	122.0	131.0	124.0	346.0	60.0	87.0	56.0	31.0	92.0	110.0	103.0	62.0	89.0	71.0	201.0	28.0	56.0	
D00340	22.0	78.0	69.0	22.0	145.0	24.0	78.0	30.0	45.0	50.0	80.0	31.0	65.0	81.0	53.0	65.0	41.0	66.0	184.0	23.0	132.0	147.0	66.0	594.0	109.0	61.0	67.0	26.0	39.0	47.0	42.0	28.0	104.0	162.0	27.0	30.0	12.0	77.0	75.0	101.0	54.0	35.0	69.0	65.0	29.0	25.0	48.0	61.0	63.0	26.0	244.0	72.0	8.0	63.0	61.0	78.0	71.0	52.0	92.0	26.0	1.0	1.0	1.0	1.0	1.0	2.0	62.0	23.0	27.0	62.0	40.0	80.0	35.0	71.0	128.0	67.0	58.0	2.0	188.0	57.0	93.0	77.0	38.0	75.0	40.0	33.0	81.0	53.0	18.0	61.0	57.0	191.0	253.0	47.0	324.0	252.0	563.0	98.0	291.0	52.0	54.0	56.0	94.0	6.0	67.0	20.0	49.0	66.0	67.0	47.0	38.0	39.0	21.0	63.0	39.0	345.0	103.0	50.0	25.0	17.0	18.0	24.0	22.0	28.0	22.0	29.0	31.0	30.0	41.0	32.0	25.0	28.0	33.0	57.0	38.0	50.0	30.0	68.0	40.0	55.0	291.0	128.0	39.0	57.0	220.0	88.0	39.0	63.0	52.0	104.0	76.0	44.0	38.0	104.0	71.0	118.0	39.0	55.0	39.0	70.0	39.0	80.0	38.0	80.0	55.0	22.0	2.0	55.0	60.0	58.0	56.0	29.0	104.0	104.0	101.0	38.0	31.0	35.0	120.0	128.0	74.0	38.0	34.0	55.0	99.0	52.0	48.0	158.0	14.0	77.0	90.0	20.0	130.0	91.0	65.0	55.0	151.0	39.0	52.0	48.0	47.0	44.0	46.0	70.0	90.0	23.0	19.0	231.0	30.0	39.0	
D00345	21.0	117.0	141.0	37.0	160.0	88.0	62.0	82.0	132.0	147.0	153.0	115.0	137.0	88.0	118.0	104.0	105.0	140.0	125.0	25.0	141.0	192.0	139.0	109.0	971.0	87.0	136.0	71.0	59.0	115.0	129.0	82.0	111.0	121.0	25.0	128.0	28.0	103.0	104.0	78.0	101.0	124.0	98.0	105.0	120.0	25.0	50.0	96.0	140.0	66.0	102.0	182.0	11.0	50.0	97.0	164.0	104.0	63.0	89.0	27.0	6.0	4.0	6.0	7.0	4.0	5.0	95.0	54.0	95.0	92.0	74.0	184.0	92.0	94.0	132.0	142.0	71.0	6.0	201.0	135.0	155.0	105.0	88.0	103.0	124.0	50.0	143.0	92.0	44.0	129.0	78.0	161.0	235.0	69.0	156.0	157.0	112.0	147.0	116.0	100.0	101.0	141.0	106.0	7.0	98.0	25.0	82.0	98.0	94.0	102.0	71.0	67.0	47.0	94.0	63.0	377.0	150.0	106.0	35.0	50.0	43.0	79.0	84.0	82.0	83.0	128.0	129.0	129.0	105.0	68.0	48.0	30.0	90.0	58.0	31.0	89.0	121.0	157.0	74.0	143.0	112.0	135.0	65.0	174.0	169.0	137.0	70.0	50.0	166.0	109.0	139.0	37.0	60.0	108.0	93.0	188.0	80.0	95.0	59.0	115.0	61.0	153.0	64.0	98.0	111.0	37.0	7.0	106.0	270.0	73.0	64.0	60.0	153.0	153.0	136.0	88.0	124.0	80.0	144.0	191.0	119.0	32.0	114.0	203.0	125.0	95.0	49.0	303.0	31.0	89.0	107.0	40.0	159.0	160.0	133.0	123.0	310.0	64.0	100.0	47.0	49.0	83.0	110.0	115.0	83.0	73.0	58.0	240.0	35.0	61.0	
D00349	31.0	108.0	79.0	31.0	106.0	46.0	69.0	54.0	82.0	81.0	75.0	55.0	70.0	43.0	149.0	564.0	72.0	81.0	69.0	29.0	122.0	132.0	79.0	61.0	87.0	1296.0	79.0	30.0	67.0	93.0	56.0	50.0	78.0	83.0	101.0	88.0	14.0	579.0	635.0	78.0	57.0	62.0	77.0	59.0	85.0	70.0	109.0	95.0	112.0	88.0	59.0	165.0	41.0	54.0	84.0	103.0	105.0	93.0	58.0	50.0	16.0	29.0	23.0	29.0	29.0	38.0	86.0	86.0	50.0	59.0	95.0	114.0	70.0	65.0	192.0	123.0	71.0	55.0	404.0	137.0	621.0	608.0	115.0	573.0	120.0	24.0	81.0	84.0	41.0	111.0	70.0	110.0	184.0	48.0	104.0	111.0	67.0	58.0	80.0	81.0	57.0	96.0	103.0	13.0	90.0	25.0	50.0	54.0	70.0	86.0	63.0	58.0	30.0	70.0	82.0	308.0	200.0	107.0	76.0	18.0	27.0	66.0	54.0	50.0	52.0	72.0	53.0	58.0	72.0	59.0	90.0	64.0	60.0	123.0	15.0	113.0	93.0	119.0	95.0	91.0	75.0	164.0	56.0	124.0	163.0	140.0	58.0	54.0	75.0	78.0	103.0	43.0	77.0	78.0	77.0	182.0	115.0	69.0	67.0	120.0	69.0	75.0	79.0	76.0	98.0	50.0	50.0	90.0	154.0	51.0	180.0	44.0	105.0	105.0	84.0	115.0	36.0	50.0	111.0	178.0	74.0	47.0	67.0	83.0	391.0	72.0	109.0	170.0	27.0	133.0	79.0	31.0	195.0	173.0	106.0	90.0	176.0	56.0	81.0	58.0	126.0	98.0	125.0	120.0	105.0	53.0	59.0	168.0	97.0	69.0	
D00351	40.0	151.0	211.0	125.0	118.0	107.0	61.0	87.0	169.0	113.0	150.0	157.0	154.0	113.0	127.0	103.0	109.0	178.0	95.0	33.0	121.0	184.0	156.0	67.0	136.0	79.0	2301.0	70.0	86.0	184.0	137.0	100.0	97.0	99.0	23.0	111.0	43.0	85.0	90.0	81.0	90.0	122.0	83.0	93.0	106.0	32.0	52.0	70.0	120.0	73.0	61.0	209.0	15.0	42.0	95.0	138.0	77.0	142.0	60.0	35.0	7.0	5.0	9.0	9.0	5.0	9.0	95.0	66.0	113.0	73.0	72.0	191.0	115.0	99.0	128.0	176.0	67.0	19.0	159.0	159.0	140.0	92.0	158.0	85.0	148.0	60.0	143.0	107.0	49.0	121.0	214.0	140.0	254.0	43.0	113.0	110.0	70.0	73.0	79.0	131.0	90.0	132.0	91.0	14.0	83.0	37.0	75.0	96.0	93.0	120.0	87.0	79.0	92.0	93.0	78.0	455.0	273.0	213.0	197.0	63.0	64.0	103.0	126.0	100.0	121.0	109.0	105.0	103.0	109.0	105.0	71.0	115.0	92.0	54.0	8.0	139.0	116.0	142.0	72.0	152.0	76.0	196.0	96.0	212.0	517.0	153.0	89.0	42.0	175.0	95.0	102.0	34.0	80.0	91.0	87.0	314.0	151.0	142.0	86.0	125.0	63.0	150.0	83.0	268.0	142.0	99.0	31.0	177.0	240.0	79.0	76.0	135.0	281.0	245.0	118.0	158.0	176.0	118.0	105.0	214.0	181.0	65.0	115.0	242.0	109.0	153.0	49.0	284.0	56.0	131.0	261.0	93.0	183.0	201.0	135.0	130.0	340.0	93.0	131.0	143.0	56.0	89.0	167.0	125.0	150.0	131.0	53.0	282.0	41.0	63.0	
D00354	0.0	37.0	64.0	22.0	33.0	62.0	24.0	42.0	68.0	44.0	60.0	53.0	68.0	32.0	69.0	82.0	67.0	68.0	39.0	0.0	47.0	74.0	68.0	26.0	71.0	30.0	70.0	371.0	28.0	45.0	69.0	41.0	31.0	31.0	0.0	44.0	26.0	35.0	40.0	28.0	51.0	49.0	36.0	36.0	44.0	0.0	0.0	34.0	74.0	36.0	26.0	106.0	3.0	17.0	73.0	45.0	39.0	3.0	28.0	0.0	3.0	0.0	3.0	3.0	0.0	0.0	45.0	40.0	59.0	36.0	36.0	90.0	55.0	36.0	18.0	47.0	2.0	0.0	75.0	51.0	74.0	35.0	49.0	40.0	72.0	31.0	55.0	32.0	29.0	68.0	35.0	63.0	66.0	38.0	44.0	61.0	24.0	32.0	32.0	34.0	51.0	49.0	36.0	1.0	36.0	4.0	38.0	43.0	38.0	36.0	31.0	28.0	29.0	36.0	33.0	149.0	75.0	70.0	1.0	33.0	26.0	37.0	38.0	41.0	38.0	44.0	44.0	44.0	67.0	40.0	32.0	0.0	72.0	0.0	0.0	36.0	44.0	65.0	36.0	53.0	27.0	43.0	28.0	108.0	18.0	38.0	28.0	17.0	81.0	31.0	68.0	12.0	28.0	31.0	46.0	70.0	47.0	30.0	28.0	43.0	31.0	60.0	31.0	44.0	38.0	22.0	0.0	60.0	90.0	2.0	0.0	35.0	70.0	70.0	72.0	49.0	65.0	51.0	53.0	57.0	66.0	0.0	57.0	85.0	39.0	47.0	0.0	122.0	22.0	17.0	44.0	21.0	42.0	51.0	56.0	67.0	153.0	28.0	34.0	0.0	0.0	37.0	37.0	43.0	22.0	38.0	37.0	90.0	0.0	31.0	
D00358	19.0	60.0	85.0	22.0	81.0	40.0	43.0	44.0	81.0	61.0	68.0	65.0	55.0	34.0	88.0	64.0	60.0	100.0	47.0	29.0	87.0	105.0	57.0	39.0	59.0	67.0	86.0	28.0	345.0	61.0	52.0	61.0	66.0	73.0	26.0	73.0	26.0	71.0	74.0	58.0	50.0	38.0	57.0	78.0	64.0	36.0	63.0	55.0	71.0	48.0	36.0	127.0	19.0	34.0	53.0	79.0	51.0	30.0	40.0	49.0	3.0	4.0	3.0	4.0	4.0	6.0	55.0	49.0	43.0	35.0	83.0	95.0	57.0	60.0	104.0	111.0	54.0	26.0	115.0	84.0	110.0	83.0	90.0	66.0	96.0	23.0	109.0	62.0	84.0	93.0	44.0	88.0	221.0	22.0	66.0	68.0	43.0	33.0	41.0	62.0	50.0	49.0	62.0	10.0	57.0	19.0	49.0	75.0	76.0	104.0	59.0	180.0	44.0	76.0	62.0	233.0	155.0	96.0	64.0	17.0	19.0	62.0	70.0	61.0	66.0	69.0	58.0	56.0	60.0	45.0	46.0	46.0	42.0	52.0	7.0	71.0	89.0	84.0	83.0	54.0	46.0	70.0	187.0	113.0	62.0	92.0	190.0	34.0	109.0	63.0	73.0	25.0	84.0	60.0	45.0	152.0	90.0	47.0	345.0	98.0	171.0	68.0	80.0	50.0	83.0	35.0	41.0	78.0	124.0	64.0	98.0	36.0	80.0	80.0	65.0	90.0	43.0	40.0	74.0	135.0	88.0	26.0	68.0	85.0	86.0	76.0	60.0	138.0	23.0	84.0	52.0	35.0	116.0	100.0	65.0	106.0	151.0	184.0	62.0	64.0	68.0	56.0	95.0	98.0	45.0	67.0	40.0	129.0	48.0	171.0	
D00364	31.0	89.0	143.0	35.0	105.0	75.0	53.0	66.0	144.0	125.0	122.0	122.0	147.0	107.0	99.0	109.0	71.0	164.0	72.0	49.0	119.0	156.0	149.0	47.0	115.0	93.0	184.0	45.0	61.0	967.0	102.0	83.0	96.0	72.0	24.0	143.0	49.0	90.0	106.0	55.0	78.0	106.0	66.0	54.0	108.0	41.0	69.0	57.0	78.0	62.0	46.0	173.0	19.0	29.0	63.0	140.0	64.0	30.0	58.0	40.0	7.0	8.0	12.0	11.0	8.0	13.0	71.0	43.0	82.0	59.0	61.0	180.0	75.0	76.0	153.0	145.0	93.0	27.0	148.0	97.0	123.0	101.0	106.0	98.0	120.0	30.0	116.0	89.0	36.0	98.0	66.0	89.0	224.0	33.0	82.0	82.0	50.0	67.0	57.0	87.0	78.0	116.0	77.0	18.0	63.0	39.0	63.0	60.0	71.0	108.0	92.0	77.0	73.0	71.0	59.0	291.0	188.0	97.0	91.0	53.0	50.0	101.0	91.0	83.0	85.0	156.0	142.0	155.0	71.0	67.0	45.0	55.0	56.0	69.0	8.0	86.0	111.0	138.0	61.0	155.0	63.0	79.0	85.0	124.0	61.0	129.0	94.0	29.0	169.0	89.0	74.0	34.0	70.0	83.0	61.0	204.0	95.0	73.0	61.0	126.0	51.0	122.0	65.0	78.0	113.0	36.0	33.0	96.0	512.0	119.0	112.0	56.0	121.0	121.0	75.0	106.0	118.0	61.0	70.0	140.0	159.0	32.0	98.0	171.0	128.0	109.0	63.0	217.0	45.0	143.0	79.0	55.0	101.0	117.0	85.0	110.0	235.0	79.0	87.0	98.0	68.0	80.0	127.0	126.0	71.0	87.0	41.0	234.0	59.0	51.0	
D00367	5.0	78.0	151.0	39.0	58.0	104.0	29.0	90.0	150.0	136.0	103.0	134.0	132.0	61.0	112.0	72.0	115.0	138.0	69.0	10.0	57.0	133.0	132.0	42.0	129.0	56.0	137.0	69.0	52.0	102.0	596.0	89.0	50.0	60.0	3.0	140.0	23.0	69.0	55.0	50.0	88.0	121.0	75.0	63.0	145.0	7.0	8.0	62.0	134.0	71.0	41.0	190.0	3.0	16.0	77.0	139.0	72.0	7.0	78.0	7.0	3.0	1.0	4.0	4.0	1.0	1.0	79.0	56.0	111.0	58.0	66.0	169.0	104.0	64.0	53.0	118.0	20.0	14.0	143.0	106.0	118.0	70.0	96.0	54.0	138.0	42.0	109.0	48.0	49.0	130.0	64.0	101.0	138.0	22.0	86.0	102.0	42.0	41.0	49.0	91.0	88.0	119.0	56.0	4.0	72.0	7.0	77.0	60.0	62.0	84.0	55.0	53.0	67.0	62.0	53.0	286.0	123.0	113.0	16.0	55.0	44.0	93.0	90.0	89.0	87.0	142.0	142.0	142.0	115.0	80.0	41.0	12.0	89.0	9.0	0.0	66.0	139.0	164.0	66.0	122.0	50.0	64.0	55.0	198.0	10.0	91.0	57.0	16.0	178.0	54.0	126.0	14.0	49.0	48.0	57.0	140.0	86.0	91.0	52.0	90.0	49.0	103.0	52.0	78.0	92.0	38.0	5.0	98.0	286.0	20.0	16.0	63.0	126.0	126.0	90.0	96.0	138.0	83.0	84.0	113.0	137.0	4.0	124.0	167.0	77.0	90.0	7.0	260.0	34.0	42.0	78.0	44.0	78.0	107.0	117.0	114.0	308.0	54.0	91.0	15.0	9.0	75.0	93.0	90.0	34.0	82.0	64.0	144.0	9.0	49.0	
D00373	16.0	64.0	110.0	51.0	69.0	100.0	33.0	130.0	155.0	97.0	87.0	96.0	89.0	38.0	118.0	50.0	98.0	113.0	44.0	43.0	72.0	101.0	89.0	28.0	82.0	50.0	100.0	41.0	61.0	83.0	89.0	675.0	72.0	63.0	5.0	115.0	43.0	57.0	51.0	67.0	75.0	83.0	67.0	59.0	118.0	19.0	32.0	51.0	103.0	70.0	27.0	182.0	9.0	14.0	67.0	105.0	58.0	12.0	49.0	20.0	0.0	0.0	0.0	0.0	0.0	1.0	65.0	53.0	107.0	39.0	69.0	157.0	87.0	63.0	73.0	139.0	78.0	19.0	120.0	102.0	106.0	64.0	109.0	49.0	142.0	33.0	122.0	68.0	43.0	128.0	86.0	86.0	244.0	6.0	89.0	79.0	28.0	25.0	27.0	78.0	75.0	83.0	47.0	13.0	60.0	27.0	87.0	48.0	57.0	114.0	92.0	70.0	81.0	57.0	69.0	289.0	146.0	121.0	66.0	33.0	32.0	103.0	143.0	675.0	137.0	120.0	119.0	116.0	98.0	73.0	36.0	32.0	65.0	35.0	0.0	71.0	128.0	131.0	69.0	87.0	47.0	58.0	86.0	171.0	8.0	137.0	95.0	14.0	201.0	59.0	106.0	18.0	75.0	54.0	65.0	160.0	102.0	59.0	61.0	247.0	43.0	87.0	68.0	102.0	143.0	46.0	48.0	97.0	236.0	112.0	64.0	86.0	172.0	172.0	62.0	109.0	81.0	77.0	66.0	125.0	134.0	12.0	145.0	134.0	68.0	106.0	23.0	196.0	41.0	106.0	102.0	106.0	130.0	109.0	110.0	122.0	229.0	76.0	78.0	92.0	32.0	79.0	132.0	247.0	41.0	103.0	58.0	129.0	32.0	43.0	
D00379	40.0	87.0	101.0	27.0	460.0	33.0	56.0	44.0	82.0	73.0	91.0	49.0	63.0	94.0	87.0	85.0	97.0	78.0	100.0	71.0	511.0	527.0	65.0	104.0	111.0	78.0	97.0	31.0	66.0	96.0	50.0	72.0	722.0	149.0	31.0	47.0	70.0	91.0	101.0	92.0	61.0	35.0	90.0	68.0	43.0	52.0	134.0	115.0	88.0	48.0	105.0	170.0	10.0	41.0	57.0	99.0	69.0	41.0	82.0	62.0	3.0	4.0	3.0	4.0	4.0	5.0	57.0	31.0	36.0	53.0	75.0	151.0	60.0	103.0	290.0	131.0	153.0	18.0	178.0	99.0	131.0	97.0	71.0	100.0	116.0	41.0	100.0	122.0	26.0	109.0	59.0	135.0	355.0	48.0	127.0	142.0	107.0	74.0	107.0	77.0	61.0	57.0	72.0	20.0	86.0	57.0	82.0	60.0	63.0	103.0	162.0	108.0	76.0	63.0	106.0	342.0	142.0	58.0	95.0	14.0	17.0	106.0	74.0	72.0	69.0	55.0	56.0	56.0	97.0	66.0	32.0	62.0	119.0	139.0	26.0	93.0	46.0	69.0	75.0	63.0	116.0	103.0	113.0	107.0	159.0	127.0	134.0	41.0	176.0	548.0	90.0	34.0	90.0	572.0	60.0	240.0	67.0	51.0	66.0	105.0	57.0	91.0	95.0	76.0	103.0	27.0	57.0	66.0	132.0	245.0	160.0	40.0	113.0	113.0	141.0	71.0	37.0	79.0	89.0	153.0	111.0	38.0	88.0	97.0	121.0	97.0	122.0	147.0	39.0	205.0	87.0	48.0	131.0	124.0	71.0	163.0	159.0	101.0	77.0	160.0	122.0	82.0	82.0	105.0	85.0	89.0	38.0	216.0	92.0	57.0	
D00380	33.0	99.0	104.0	27.0	194.0	36.0	72.0	46.0	86.0	67.0	102.0	43.0	78.0	83.0	87.0	88.0	72.0	92.0	160.0	41.0	180.0	205.0	80.0	162.0	121.0	83.0	99.0	31.0	73.0	72.0	60.0	63.0	149.0	519.0	34.0	48.0	33.0	93.0	98.0	107.0	65.0	37.0	91.0	107.0	44.0	44.0	87.0	86.0	87.0	45.0	150.0	138.0	14.0	64.0	69.0	97.0	84.0	47.0	89.0	45.0	3.0	4.0	3.0	4.0	4.0	6.0	79.0	52.0	39.0	80.0	76.0	128.0	55.0	103.0	174.0	114.0	101.0	19.0	222.0	80.0	125.0	100.0	89.0	94.0	87.0	41.0	109.0	91.0	37.0	99.0	61.0	146.0	311.0	53.0	183.0	179.0	164.0	68.0	162.0	78.0	65.0	59.0	102.0	14.0	87.0	30.0	75.0	93.0	90.0	88.0	87.0	81.0	61.0	90.0	74.0	444.0	173.0	94.0	66.0	17.0	20.0	67.0	55.0	63.0	51.0	49.0	51.0	48.0	72.0	53.0	46.0	50.0	54.0	90.0	26.0	75.0	49.0	78.0	76.0	61.0	167.0	129.0	92.0	96.0	169.0	109.0	98.0	64.0	119.0	140.0	84.0	40.0	70.0	137.0	70.0	186.0	89.0	62.0	73.0	98.0	64.0	102.0	69.0	76.0	84.0	29.0	40.0	79.0	96.0	127.0	114.0	42.0	117.0	117.0	129.0	89.0	39.0	51.0	133.0	172.0	96.0	33.0	73.0	93.0	119.0	86.0	81.0	201.0	27.0	125.0	87.0	41.0	165.0	104.0	77.0	105.0	196.0	85.0	78.0	99.0	86.0	74.0	79.0	98.0	73.0	62.0	34.0	228.0	63.0	64.0	
