data	D00049	D00059	D00079	D00094	D00095	D00106	D00110	D00113	D00136	D00139	D00180	D00225	D00227	D00232	D00234	D00235	D00241	D00255	D00270	D00274	D00281	D00283	D00295	D00300	D00301	D00306	D00318	D00332	D00336	D00356	D00364	D00371	D00380	D00394	D00397	D00400	D00410	D00411	D00415	D00419	D00422	D00426	D00432	D00437	D00440	D00442	D00443	D00451	D00454	D00465	D00480	D00483	D00493	D00494	D00498	D00499	D00503	D00509	D00513	D00514	D00520	D00521	D00522	D00523	D00524	D00525	D00528	D00540	D00542	D00559	D00560	D00563	D00574	D00598	D00601	D00604	D00606	D00607	D00609	D00613	D00627	D00632	D00635	D00645	D00646	D00665	D00666	D00673	D00674	D00675	D00676	D00682	D00683	D00684	D00687	D00688	D00715	D00726	D00760	D00765	D00769	D00775	D00779	D00780	D00790	D00837	D00838	D00845	D00954	D00965	D00987	D00996	D01020	D01022	D01024	D01051	D01071	D01103	D01118	D01126	D01164	D01227	D01236	D01242	D01269	D01295	D01297	D01324	D01332	D01346	D01352	D01358	D01386	D01390	D01441	D01454	D01462	D01603	D01652	D01692	D01699	D01712	D01713	D01717	D01745	D01782	D01828	D01871	D01891	D01925	D01964	D01965	D01973	D01994	D02007	D02066	D02070	D02076	D02082	D02147	D02149	D02150	D02234	D02237	D02250	D02278	D02279	D02327	D02338	D02340	D02342	D02349	D02354	D02356	D02357	D02358	D02359	D02361	D02374	D02566	D02578	D02588	D02614	D02671	D02721	D02725	D02826	D02884	D02910	D03165	D03187	D03210	D03274	D03365	D03415	D03442	D03490	D03503	D03621	D03642	D03654	D03858	D03879	D03880	D03881	D03966	D04006	D04034	D04040	D04375	D04625	D04716	D04979	D05113	D05129	D05246	D05312	D05341	D05740	D05792	D05938	D06056	D06396
D00049	1.0	0.17609	0.08282	0.0	0.28595	0.0	0.40222	0.32243	0.38422	0.21523	0.08677	0.17573	0.05684	0.08515	0.13361	0.17408	0.3371	0.15096	0.15077	0.32676	0.14213	0.12309	0.0	0.23344	0.29384	0.09221	0.1033	0.0	0.24111	0.19271	0.41327	0.06287	0.43241	0.15199	0.41318	0.18256	0.73974	0.34421	0.24456	0.11242	0.09782	0.1831	0.09435	0.24597	0.0	0.20737	0.10658	0.22341	0.10712	0.29991	0.15199	0.15929	0.13641	0.15804	0.0948	0.15763	0.13305	0.26039	0.11897	0.17408	0.19308	0.1837	0.21288	0.19633	0.0	0.0	0.26949	0.27061	0.0	0.0	0.25278	0.39212	0.41392	0.10831	0.09302	0.13484	0.12389	0.04246	0.35945	0.13782	0.12288	0.19989	0.22123	0.16607	0.16195	0.34799	0.26822	0.09535	0.20329	0.39066	0.28225	0.0	0.2574	0.37395	0.38778	0.21425	0.28686	0.34188	0.15309	0.06323	0.28296	0.12856	0.16126	0.13775	0.14305	0.14215	0.0992	0.23678	0.08061	0.30464	0.16884	0.27298	0.12309	0.05249	0.16	0.34923	0.14627	0.22914	0.14659	0.0	0.21569	0.30394	0.406	0.14692	0.22173	0.19761	0.38558	0.14409	0.25229	0.5014	0.0	0.21163	0.23937	0.27298	0.30424	0.11198	0.20402	0.14285	0.23468	0.20158	0.25264	0.04828	0.15804	0.22296	0.15539	0.18521	0.31364	0.14172	0.19595	0.10795	0.17406	0.17585	0.29804	0.21164	0.1082	0.26846	0.29032	0.08431	0.14381	0.25739	0.18919	0.2516	0.12446	0.0479	0.19472	0.0	0.0	0.35987	0.1991	0.13852	0.11066	0.37967	0.185	0.1592	0.20299	0.12309	0.23759	0.4059	0.10485	0.21576	0.34928	0.1007	0.24353	0.13305	0.0	0.16362	0.10094	0.05171	0.33273	0.14024	0.10562	0.32224	0.44674	0.36564	0.11953	0.19467	0.1066	0.0	0.21877	0.46303	0.25779	0.20772	0.20703	0.11683	0.14555	0.0	0.06145	0.38117	0.11626	0.0	0.26164	0.16296	0.15493	0.16334	0.22847	0.10571	0.16968	0.0	0.13125	0.122	0.22486	0.10389	0.1599
D00059	0.17609	1.0	0.19522	0.09017	0.5115	0.19035	0.2597	0.26478	0.1853	0.13897	0.20452	0.07909	0.0	0.16227	0.15347	0.14986	0.30472	0.13046	0.13476	0.15319	0.13766	0.07947	0.0	0.10888	0.23534	0.28583	0.03335	0.14743	0.13865	0.23102	0.14276	0.0	0.14936	0.13585	0.26678	0.37401	0.14573	0.16771	0.12632	0.11158	0.12632	0.05911	0.2499	0.0567	0.03158	0.19165	0.14452	0.10062	0.06916	0.1291	0.09814	0.14237	0.12193	0.10204	0.23266	0.0	0.11892	0.31528	0.11522	0.14986	0.07049	0.24689	0.25678	0.15431	0.0	0.29433	0.04046	0.11648	0.0	0.03747	0.19887	0.13814	0.15272	0.13986	0.37648	0.13059	0.04	0.02742	0.13359	0.34663	0.21361	0.4783	0.25453	0.17572	0.10457	0.19513	0.25188	0.12313	0.09155	0.16427	0.16882	0.16941	0.36241	0.29854	0.20353	0.29782	0.1323	0.07358	0.13777	0.11795	0.20297	0.16602	0.06941	0.17789	0.12786	0.29789	0.5022	0.23856	0.15821	0.1686	0.25828	0.4883	0.31791	0.22374	0.27538	0.19583	0.0	0.06872	0.09465	0.39739	0.13927	0.16394	0.14599	0.06853	0.24539	0.12759	0.07896	0.09304	0.17388	0.33412	0.17968	0.13664	0.40965	0.4883	0.25539	0.21691	0.2799	0.12555	0.06577	0.03937	0.22616	0.0	0.14126	0.25856	0.07248	0.21919	0.28925	0.09151	0.20012	0.24303	0.25362	0.27193	0.2398	0.26344	0.32952	0.42919	0.32682	0.25872	0.32441	0.39778	0.58499	0.45005	0.11299	0.03093	0.23823	0.23922	0.22943	0.17123	0.22497	0.12381	0.14291	0.25749	0.08629	0.19699	0.25959	0.23843	0.40399	0.11945	0.1354	0.10064	0.18527	0.25739	0.33816	0.11892	0.18232	0.18662	0.09776	0.0	0.12656	0.16836	0.11272	0.13444	0.25341	0.09443	0.16188	0.40342	0.17207	0.0	0.14126	0.19438	0.23078	0.09689	0.49538	0.52356	0.59627	0.37018	0.0	0.268	0.35795	0.0	0.50728	0.14323	0.10003	0.19714	0.24205	0.22565	0.2048	0.1898	0.14596	0.19178	0.14519	0.13416	0.03441
D00079	0.08282	0.19522	1.0	0.19626	0.23796	0.7485	0.4415	0.34523	0.1213	0.0297	0.91036	0.0	0.02589	0.34774	0.0206	0.0793	0.12285	0.06983	0.0	0.04078	0.0	0.0	0.0	0.0	0.26374	0.29129	0.04706	0.23999	0.09626	0.57234	0.06566	0.02864	0.10417	0.0	0.05156	0.25701	0.05709	0.07646	0.18394	0.72568	0.0	0.07251	0.32841	0.05204	0.0	0.11612	0.38513	0.03079	0.0	0.11207	0.0	0.08366	0.0	0.0	0.234	0.14017	0.0	0.04235	0.08129	0.13891	0.01911	0.08458	0.05872	0.08127	0.0	0.35187	0.03713	0.11253	0.0	0.13891	0.01934	0.0	0.10775	0.07401	0.28059	0.0	0.05643	0.08446	0.0421	0.04185	0.05684	0.0	0.18448	0.042	0.1398	0.23565	0.32576	0.0	0.04954	0.04138	0.16828	0.77448	0.08295	0.10114	0.12387	0.08631	0.27926	0.05191	0.09065	0.43701	0.21689	0.0	0.04706	0.26568	0.05763	0.37355	0.29156	0.20831	0.44707	0.03965	0.34182	0.22718	0.05607	0.0	0.12657	0.06278	0.11584	0.18134	0.0	0.20469	0.11694	0.02279	0.04868	0.01858	0.31818	0.05238	0.07712	0.0	0.21227	0.06241	0.82	0.0	0.30665	0.05783	0.05542	0.07652	0.31189	0.03613	0.08067	0.0427	0.14112	0.02199	0.0	0.27058	0.05895	0.05802	0.0907	0.06146	0.53373	0.28451	0.54731	0.09788	0.18885	0.16303	0.46659	0.08652	0.32975	0.29097	0.1429	0.05452	0.36176	0.20938	0.02302	0.10497	0.15651	0.38985	0.37982	0.17252	0.19221	0.0	0.07562	0.10071	0.0	0.04987	0.34127	0.08411	0.23843	0.09358	0.07164	0.06759	0.0	0.31429	0.18941	0.04476	0.74193	0.54548	0.14381	0.02356	0.07219	0.26451	0.71096	0.04117	0.04945	0.24169	0.0996	0.37802	0.07284	0.0	0.0	0.05755	0.144	0.05048	0.0	0.39891	0.27891	0.40455	0.05598	0.03581	0.13598	0.0	0.05542	0.18833	0.02712	0.31832	0.10206	0.05552	0.33068	0.36255	0.0332	0.10546	0.08903	0.04547	0.08442
D00094	0.0	0.09017	0.19626	1.0	0.0	0.19136	0.0	0.0	0.04979	0.0	0.15058	0.0	0.0	0.07196	0.0	0.05942	0.10357	0.02617	0.09794	0.04583	0.0	0.0	0.0	0.07636	0.03083	0.13936	0.05289	0.32352	0.0516	0.10809	0.0	0.0	0.02961	0.06882	0.0	0.15442	0.03208	0.03925	0.05763	0.10571	0.09022	0.02344	0.04831	0.13272	0.09022	0.04794	0.04251	0.0612	0.0	0.11009	0.03891	0.06269	0.0	0.04046	0.13817	0.13342	0.0	0.0238	0.06092	0.0	0.04943	0.07297	0.06601	0.08253	0.07574	0.0	0.0	0.16861	0.0	0.0	0.0	0.0	0.09084	0.05546	0.15557	0.0	0.0	0.11315	0.0	0.02352	0.06389	0.0	0.17738	0.05432	0.06537	0.28313	0.16643	0.08793	0.05569	0.05351	0.1406	0.17031	0.07298	0.08462	0.05691	0.07593	0.02098	0.02918	0.08636	0.08094	0.023	0.0	0.06333	0.07372	0.09293	0.10742	0.03304	0.1188	0.04128	0.06685	0.04323	0.0	0.06303	0.06184	0.05234	0.09409	0.1238	0.04189	0.06638	0.09454	0.024	0.06501	0.0	0.02717	0.10134	0.10236	0.0	0.02836	0.15319	0.0	0.17638	0.0	0.0	0.065	0.01887	0.12331	0.18235	0.02031	0.0	0.07922	0.0	0.0	0.0	0.05802	0.0	0.09155	0.10195	0.02789	0.08027	0.0	0.12082	0.0	0.0	0.07489	0.06749	0.07612	0.04247	0.08425	0.16517	0.06129	0.08791	0.02995	0.0	0.10311	0.09123	0.15758	0.14556	0.17698	0.14278	0.0	0.13039	0.13025	0.06052	0.15146	0.02079	0.13555	0.0	0.08681	0.06177	0.06134	0.03193	0.0	0.0	0.06025	0.21345	0.12684	0.0	0.02648	0.04667	0.06232	0.14549	0.10662	0.07051	0.0	0.06717	0.05086	0.05459	0.0	0.0	0.0	0.0	0.06795	0.0	0.04983	0.08076	0.09464	0.0	0.06643	0.18081	0.0	0.13397	0.07647	0.0	0.0	0.09132	0.08321	0.04998	0.25658	0.07451	0.07065	0.05004	0.03461	0.05459
D00095	0.28595	0.5115	0.23796	0.0	1.0	0.25349	0.27426	0.28976	0.23128	0.1574	0.2493	0.12852	0.0	0.13391	0.14075	0.12731	0.26137	0.1104	0.15264	0.18336	0.15592	0.09002	0.0	0.17072	0.2264	0.30612	0.0	0.0	0.12501	0.27929	0.12656	0.0	0.2242	0.11115	0.19047	0.13351	0.23847	0.17881	0.21462	0.177	0.10731	0.07703	0.23816	0.06422	0.0	0.06743	0.13401	0.11396	0.07834	0.10967	0.11115	0.11649	0.1381	0.11558	0.35982	0.0	0.1347	0.33932	0.087	0.33948	0.11052	0.16592	0.1746	0.11238	0.0	0.16668	0.05962	0.09895	0.0	0.08487	0.20355	0.15646	0.22924	0.11881	0.27463	0.14792	0.0	0.0	0.17166	0.29952	0.12028	0.51172	0.15029	0.12145	0.26195	0.15406	0.16644	0.10459	0.1037	0.19606	0.09561	0.21441	0.40366	0.18918	0.16805	0.33117	0.27737	0.13756	0.10532	0.205	0.13137	0.18804	0.11793	0.1265	0.14482	0.30359	0.32933	0.07262	0.1534	0.16871	0.16098	0.95466	0.18004	0.18341	0.24694	0.19832	0.0	0.16758	0.1072	0.04501	0.12346	0.16603	0.22149	0.07762	0.13321	0.14452	0.08944	0.10538	0.07192	0.37399	0.24323	0.15477	0.48487	0.58333	0.11944	0.16378	0.0799	0.07546	0.10687	0.07887	0.1227	0.0	0.11558	0.26742	0.08209	0.13545	0.16752	0.10365	0.26021	0.13907	0.27323	0.2572	0.21796	0.08655	0.15013	0.47995	0.30572	0.16343	0.10517	0.47771	0.71572	0.83708	0.09102	0.0	0.06332	0.1836	0.20789	0.1247	0.14561	0.14024	0.1214	0.3084	0.1353	0.22312	0.23752	0.18004	0.69028	0.19547	0.11502	0.15779	0.26917	0.16224	0.71313	0.1347	0.23782	0.24266	0.25836	0.0	0.18671	0.13372	0.20356	0.17217	0.34403	0.2674	0.08741	0.20132	0.15592	0.0	0.15999	0.23139	0.1252	0.15191	0.52998	0.52965	0.52926	0.13852	0.0	0.35618	0.1177	0.0	0.55908	0.32445	0.1133	0.22329	0.11031	0.10702	0.23196	0.0	0.10401	0.08922	0.09298	0.15195	0.03898
D00106	0.0	0.19035	0.7485	0.19136	0.25349	1.0	0.31719	0.29158	0.05349	0.0	0.72913	0.0	0.0	0.29743	0.02009	0.07732	0.11978	0.06809	0.0	0.0	0.0	0.0	0.0	0.0	0.21732	0.27695	0.02294	0.2002	0.03738	0.4653	0.04268	0.0	0.03794	0.0	0.0	0.18012	0.0	0.02514	0.15552	0.5032	0.04345	0.05036	0.28831	0.0	0.04345	0.06206	0.28066	0.0	0.0	0.06487	0.0	0.08157	0.0	0.0	0.22882	0.06665	0.0	0.02065	0.07926	0.15418	0.0	0.0633	0.05726	0.04134	0.0	0.36595	0.0	0.06966	0.0	0.12065	0.01886	0.0	0.02626	0.07216	0.27756	0.0	0.0	0.06349	0.0	0.0204	0.05542	0.0	0.12726	0.02048	0.15215	0.16266	0.26985	0.04235	0.0	0.0	0.09678	0.68855	0.06331	0.0512	0.08284	0.06587	0.2081	0.0	0.02678	0.37125	0.10574	0.0	0.04588	0.1742	0.02442	0.38326	0.27981	0.10815	0.38847	0.0	0.24129	0.242	0.05467	0.0	0.10861	0.0	0.04798	0.13005	0.0	0.19959	0.05157	0.0	0.0	0.0	0.24834	0.04439	0.0	0.0	0.17085	0.0	0.73108	0.0	0.27906	0.05638	0.01637	0.07461	0.20746	0.01761	0.01966	0.0	0.08438	0.0	0.0	0.24508	0.0	0.05657	0.06633	0.05993	0.45603	0.2639	0.46729	0.10864	0.15254	0.08568	0.31422	0.06603	0.26254	0.28839	0.11627	0.05316	0.36841	0.22304	0.04489	0.08108	0.10457	0.40039	0.39329	0.10513	0.12109	0.0	0.07373	0.04268	0.0	0.04863	0.23094	0.08201	0.22794	0.02281	0.06986	0.0659	0.0	0.26693	0.20177	0.04365	0.84333	0.43015	0.13805	0.0	0.0299	0.1706	0.49658	0.0	0.0	0.26499	0.09711	0.2565	0.07102	0.0	0.0	0.0	0.0861	0.04922	0.0	0.37276	0.27643	0.45663	0.0	0.0	0.12661	0.0	0.05404	0.24283	0.02645	0.27647	0.07922	0.05414	0.28721	0.35351	0.01618	0.10283	0.0217	0.04434	0.03497
D00110	0.40222	0.2597	0.4415	0.0	0.27426	0.31719	1.0	0.6402	0.22964	0.14911	0.4841	0.19299	0.03675	0.40145	0.17187	0.08651	0.16752	0.16866	0.15246	0.19802	0.11658	0.16733	0.0	0.28945	0.51974	0.31839	0.05906	0.0	0.1606	0.5841	0.22694	0.04065	0.23632	0.1738	0.29799	0.31147	0.26483	0.24471	0.29664	0.44193	0.04861	0.14334	0.32071	0.22647	0.0	0.19925	0.4459	0.14695	0.15151	0.2632	0.1738	0.1772	0.13794	0.18072	0.27314	0.10192	0.13454	0.2357	0.13604	0.23937	0.21451	0.21328	0.18953	0.20981	0.03195	0.40221	0.11498	0.21507	0.0	0.15286	0.22462	0.18579	0.22339	0.05382	0.1742	0.1106	0.15093	0.02745	0.23839	0.09819	0.15171	0.15449	0.12766	0.17403	0.29975	0.22307	0.4321	0.04738	0.13371	0.27529	0.18459	0.32417	0.13383	0.25149	0.29012	0.11263	0.50596	0.18695	0.12228	0.46297	0.4283	0.06389	0.15207	0.35509	0.14466	0.32683	0.34284	0.20827	0.51954	0.16441	0.48236	0.26182	0.06117	0.02608	0.23389	0.29442	0.09457	0.323	0.16762	0.21113	0.17481	0.20999	0.32167	0.14773	0.42262	0.32399	0.20273	0.19229	0.22683	0.39169	0.34361	0.20401	0.47275	0.13566	0.12725	0.05565	0.30874	0.14364	0.21111	0.1142	0.38632	0.03122	0.18072	0.49311	0.16929	0.12529	0.18804	0.18913	0.52855	0.33143	0.43125	0.24369	0.41176	0.14231	0.39839	0.13959	0.57646	0.17187	0.09728	0.12791	0.29037	0.24131	0.16568	0.03097	0.1871	0.15595	0.17658	0.29234	0.11384	0.16653	0.08249	0.21673	0.16835	0.07911	0.48977	0.06117	0.29517	0.29349	0.0521	0.208	0.24487	0.35989	0.25251	0.13454	0.31964	0.44421	0.27572	0.03343	0.23997	0.37188	0.43444	0.19905	0.31467	0.26532	0.13256	0.49494	0.05298	0.0	0.27126	0.28198	0.39421	0.2289	0.16001	0.39244	0.25716	0.34759	0.07026	0.29271	0.07998	0.07524	0.13002	0.34155	0.17716	0.38972	0.12037	0.12709	0.38378	0.0	0.07068	0.13951	0.21603	0.05163	0.09541
D00113	0.32243	0.26478	0.34523	0.0	0.28976	0.29158	0.6402	1.0	0.17004	0.14208	0.38366	0.16979	0.0288	0.4995	0.1294	0.0588	0.13664	0.17196	0.15544	0.14288	0.11886	0.1435	0.0	0.22944	0.72142	0.3408	0.02617	0.03856	0.12216	0.5534	0.13637	0.03185	0.18979	0.1772	0.42993	0.26526	0.21915	0.21311	0.2702	0.33056	0.04956	0.09277	0.31028	0.23572	0.0	0.25638	0.42665	0.16583	0.12734	0.2708	0.1772	0.18066	0.14064	0.18425	0.24491	0.07987	0.13717	0.16257	0.1387	0.2529	0.16979	0.16713	0.1497	0.15767	0.0	0.36103	0.07305	0.33575	0.0	0.1647	0.18599	0.21952	0.17976	0.05488	0.21928	0.11276	0.16637	0.04951	0.15871	0.06983	0.1336	0.10128	0.1321	0.14704	0.33795	0.1833	0.39318	0.04831	0.1509	0.23688	0.19381	0.31219	0.18258	0.17	0.27625	0.10855	0.50524	0.14435	0.09284	0.41518	0.32305	0.06514	0.15504	0.34055	0.14749	0.38266	0.33426	0.21653	0.47214	0.1323	0.43266	0.27663	0.12473	0.05319	0.23169	0.23962	0.16813	0.32308	0.19945	0.18408	0.16393	0.18698	0.25752	0.1444	0.39876	0.19611	0.18805	0.168	0.20779	0.35724	0.33135	0.23777	0.45168	0.13831	0.09813	0.05674	0.28355	0.1404	0.1793	0.12588	0.40891	0.02446	0.18425	0.42307	0.16603	0.10168	0.15891	0.16523	0.44751	0.35836	0.39539	0.2754	0.38067	0.14903	0.35993	0.13602	0.75333	0.22438	0.07287	0.19105	0.35404	0.25495	0.14332	0.02427	0.24074	0.16857	0.19088	0.25242	0.1261	0.14281	0.05607	0.28737	0.17164	0.08066	0.45389	0.06237	0.25651	0.25754	0.02656	0.21206	0.21807	0.3858	0.23871	0.13717	0.28068	0.38912	0.29651	0.0262	0.20767	0.35726	0.324	0.13738	0.27041	0.28167	0.13515	0.40357	0.05401	0.0	0.21502	0.23461	0.41725	0.20416	0.1049	0.34662	0.26835	0.36161	0.03113	0.24063	0.0589	0.07671	0.13256	0.40305	0.18062	0.41478	0.15285	0.12957	0.43089	0.0	0.0665	0.16911	0.18059	0.05264	0.08102
D00136	0.38422	0.1853	0.1213	0.04979	0.23128	0.05349	0.22964	0.17004	1.0	0.18461	0.13406	0.29308	0.0304	0.11384	0.36834	0.19252	0.45087	0.10503	0.34046	0.58132	0.26235	0.31449	0.0	0.26639	0.41007	0.08881	0.05524	0.13436	0.36498	0.09485	0.35937	0.03362	0.37057	0.13699	0.34183	0.23309	0.33769	0.32405	0.21459	0.16132	0.12825	0.3256	0.06565	0.1222	0.02616	0.20255	0.10479	0.2279	0.22636	0.35296	0.10575	0.11082	0.44821	0.10996	0.13191	0.21389	0.43717	0.28285	0.08277	0.19252	0.21733	0.28023	0.19615	0.30031	0.0	0.0	0.11061	0.26297	0.0	0.0	0.43449	0.21238	0.4903	0.20863	0.12943	0.24889	0.16563	0.2068	0.31919	0.25068	0.13667	0.24867	0.20634	0.16485	0.19139	0.42321	0.33216	0.125	0.2832	0.29844	0.2419	0.04761	0.19833	0.32358	0.24918	0.13182	0.15128	0.42365	0.10515	0.10144	0.19703	0.21328	0.26458	0.14926	0.32303	0.20721	0.17255	0.32629	0.08622	0.26076	0.18649	0.2208	0.16138	0.03652	0.13507	0.36819	0.11733	0.25563	0.19237	0.03291	0.49342	0.23217	0.39969	0.11747	0.15632	0.30589	0.30129	0.12987	0.1736	0.39133	0.0493	0.21008	0.15691	0.2208	0.30287	0.20669	0.22994	0.093	0.2674	0.12516	0.29826	0.02582	0.10996	0.35712	0.26266	0.23885	0.22079	0.15686	0.13837	0.05773	0.12851	0.22509	0.26758	0.37559	0.09398	0.20685	0.15311	0.0	0.18546	0.20818	0.15302	0.2035	0.14064	0.07436	0.19019	0.03356	0.038	0.27053	0.26361	0.39821	0.15399	0.22624	0.34845	0.29969	0.22154	0.17128	0.27807	0.33174	0.06451	0.24622	0.29967	0.05385	0.31333	0.16372	0.04759	0.13836	0.07023	0.02765	0.29964	0.1549	0.23014	0.37817	0.43392	0.10176	0.08316	0.2225	0.20534	0.0	0.34709	0.50589	0.30434	0.308	0.25754	0.14534	0.18107	0.02532	0.03286	0.44045	0.18365	0.10556	0.24415	0.16177	0.13963	0.16601	0.13689	0.12354	0.1044	0.16317	0.17677	0.13031	0.40202	0.1807	0.24519
D00139	0.21523	0.13897	0.0297	0.0	0.1574	0.0	0.14911	0.14208	0.18461	1.0	0.03112	0.15248	0.08154	0.03053	0.24977	0.22061	0.15962	0.35838	0.20752	0.21482	0.16825	0.15322	0.0	0.19962	0.14608	0.10915	0.03704	0.0	0.24805	0.11889	0.17207	0.09018	0.19818	0.17992	0.19047	0.17052	0.17947	0.25082	0.15088	0.04031	0.1158	0.1412	0.17935	0.14492	0.0	0.15044	0.03822	0.2087	0.1268	0.15419	0.17992	0.33348	0.18776	0.18708	0.11222	0.05653	0.18313	0.17651	0.23899	0.13738	0.18941	0.17648	0.20647	0.18338	0.0	0.0	0.11693	0.13912	0.0	0.0	0.17355	0.17012	0.1824	0.20588	0.11011	0.15962	0.08885	0.03045	0.23939	0.17465	0.17003	0.17093	0.14996	0.19818	0.14052	0.16394	0.17464	0.11287	0.1899	0.19522	0.18058	0.0	0.15026	0.20263	0.27129	0.0795	0.12641	0.09403	0.1129	0.02267	0.15792	0.15219	0.12726	0.09879	0.1969	0.13511	0.11743	0.14492	0.02891	0.13424	0.18164	0.15026	0.23399	0.04897	0.25465	0.19747	0.05245	0.15532	0.17352	0.0	0.30231	0.23709	0.21988	0.18414	0.1503	0.17477	0.17847	0.17057	0.15307	0.23871	0.0	0.18096	0.14168	0.15026	0.16327	0.13255	0.1202	0.15059	0.149	0.20147	0.20924	0.06925	0.18708	0.13527	0.2257	0.14728	0.30708	0.16776	0.1771	0.03871	0.15732	0.19625	0.19491	0.17983	0.0388	0.15671	0.12794	0.03023	0.14299	0.14168	0.10414	0.13849	0.14733	0.03435	0.14127	0.0	0.0	0.16954	0.15354	0.22884	0.21037	0.15856	0.19503	0.19953	0.12523	0.14571	0.15902	0.23187	0.12411	0.1845	0.41563	0.03611	0.2389	0.18313	0.0	0.17766	0.11948	0.07417	0.26128	0.10058	0.03787	0.12964	0.22706	0.12068	0.29089	0.13518	0.20264	0.0	0.18708	0.21111	0.21351	0.17762	0.17703	0.09991	0.12446	0.0	0.08814	0.21668	0.12797	0.04719	0.14402	0.13935	0.18339	0.19335	0.32453	0.1455	0.23128	0.0	0.13837	0.15187	0.175	0.12298	0.16441
D00180	0.08677	0.20452	0.91036	0.15058	0.2493	0.72913	0.4841	0.38366	0.13406	0.03112	1.0	0.0	0.02713	0.39074	0.04317	0.08308	0.1287	0.07316	0.0	0.04272	0.0	0.0	0.0	0.0	0.29067	0.31378	0.0493	0.26565	0.12994	0.55729	0.09171	0.03	0.11744	0.0	0.05402	0.27668	0.05981	0.1039	0.1927	0.78571	0.0	0.11096	0.34406	0.05452	0.0	0.12613	0.4431	0.03225	0.0	0.15061	0.0	0.08764	0.0	0.0	0.24515	0.15555	0.0	0.04437	0.08516	0.14553	0.02002	0.10922	0.06152	0.09419	0.0	0.36864	0.0389	0.14589	0.0	0.17322	0.04052	0.0	0.11288	0.07753	0.29396	0.0	0.05912	0.09826	0.04411	0.04385	0.05955	0.0	0.19327	0.044	0.14646	0.19661	0.37423	0.0	0.0519	0.04335	0.17629	0.69224	0.0869	0.10596	0.1396	0.09042	0.31212	0.05439	0.09497	0.482	0.22722	0.0	0.085	0.30586	0.02624	0.41342	0.3384	0.21824	0.48761	0.04154	0.35811	0.238	0.05874	0.0	0.1326	0.0877	0.13187	0.24078	0.0	0.21445	0.15161	0.02388	0.051	0.01947	0.35223	0.0477	0.08079	0.02643	0.23664	0.06539	0.73568	0.0	0.32127	0.06058	0.05806	0.08016	0.28676	0.03785	0.08451	0.0671	0.16809	0.02304	0.0	0.3015	0.06176	0.06817	0.09502	0.09821	0.55354	0.31551	0.51704	0.10254	0.21845	0.1708	0.53076	0.09064	0.36525	0.30484	0.14971	0.05712	0.379	0.21935	0.04824	0.15281	0.16818	0.41744	0.40813	0.18074	0.20852	0.0	0.07922	0.10551	0.0	0.0586	0.35753	0.08812	0.24979	0.09804	0.07506	0.108	0.0	0.34774	0.19844	0.08086	0.685	0.51232	0.17475	0.02468	0.08217	0.30621	0.76829	0.04313	0.0518	0.2881	0.10434	0.41927	0.07631	0.0	0.0	0.06029	0.17152	0.09119	0.0	0.41792	0.2922	0.42383	0.05865	0.03751	0.14246	0.0	0.05806	0.19731	0.05683	0.33349	0.10692	0.05817	0.34644	0.40959	0.03478	0.12269	0.09328	0.05735	0.12154
D00225	0.17573	0.07909	0.0	0.0	0.12852	0.0	0.19299	0.16979	0.29308	0.15248	0.0	1.0	0.0	0.0	0.22228	0.07819	0.28825	0.22535	0.33888	0.22782	0.27475	0.37834	0.03531	0.48466	0.25256	0.06212	0.0	0.0	0.20501	0.1195	0.19676	0.0	0.11179	0.23159	0.25472	0.20877	0.23096	0.19993	0.06591	0.0	0.06591	0.20378	0.13545	0.13614	0.0	0.1633	0.0	0.13998	0.16606	0.21352	0.23159	0.23688	0.30661	0.24081	0.06387	0.0	0.29905	0.19855	0.18443	0.22433	0.33833	0.32303	0.2421	0.22452	0.0	0.0	0.0	0.19266	0.0	0.03398	0.20864	0.2778	0.1143	0.07297	0.06267	0.26065	0.23948	0.0	0.11428	0.1426	0.22349	0.12978	0.06923	0.18864	0.37572	0.38318	0.35656	0.06424	0.15505	0.18582	0.11743	0.0	0.09951	0.12825	0.24336	0.10354	0.15106	0.21025	0.07764	0.0	0.20213	0.08662	0.22962	0.07769	0.32153	0.09577	0.06683	0.17851	0.0	0.08412	0.10534	0.12269	0.08293	0.07072	0.15574	0.21487	0.0	0.28194	0.22336	0.0	0.18102	0.17988	0.39207	0.1856	0.15693	0.40781	0.16479	0.21956	0.14231	0.27143	0.0	0.30175	0.22059	0.12269	0.1381	0.1738	0.09815	0.15723	0.61405	0.0739	0.30822	0.0	0.24081	0.18332	0.16115	0.15942	0.14291	0.21595	0.14446	0.0	0.07343	0.16008	0.22722	0.16151	0.0	0.10379	0.15288	0.0568	0.11675	0.11568	0.08503	0.11308	0.18758	0.0	0.15334	0.0	0.0	0.31093	0.06707	0.31135	0.07456	0.09286	0.25201	0.12924	0.13318	0.08293	0.15097	0.23099	0.07064	0.3778	0.24082	0.0	0.18574	0.17928	0.0	0.13471	0.15648	0.0	0.20513	0.08213	0.0	0.10585	0.31181	0.09854	0.17727	0.12086	0.07182	0.03398	0.4542	0.29846	0.31451	0.39749	0.13442	0.07585	0.0945	0.0	0.0	0.41396	0.13065	0.25437	0.11759	0.31184	0.23607	0.08613	0.06157	0.23761	0.08948	0.0	0.06388	0.21976	0.22854	0.06999	0.16546
D00227	0.05684	0.0	0.02589	0.0	0.0	0.0	0.03675	0.0288	0.0304	0.08154	0.02713	0.0	1.0	0.02662	0.02828	0.0	0.0	0.1278	0.0	0.02798	0.03415	0.0	0.26394	0.0	0.04227	0.0	0.06459	0.0	0.04387	0.0241	0.03004	0.90414	0.08957	0.0	0.03539	0.04961	0.03918	0.11027	0.1835	0.03515	0.0	0.14311	0.0	0.03572	0.0	0.13358	0.03332	0.13969	0.03349	0.03125	0.0	0.0	0.0	0.0	0.0	0.04928	0.0	0.07374	0.07439	0.18141	0.565	0.05399	0.05373	0.05335	0.0	0.0	0.3606	0.0282	0.0	0.03628	0.13272	0.0	0.03697	0.0	0.01718	0.0324	0.07746	0.02655	0.05779	0.05745	0.08585	0.0	0.04367	0.05098	0.03068	0.05062	0.04493	0.0	0.09756	0.19877	0.14293	0.0	0.04376	0.07798	0.02671	0.04553	0.02562	0.03563	0.07356	0.01977	0.05811	0.04019	0.0	0.13061	0.0	0.0	0.0	0.04939	0.0252	0.02721	0.14454	0.0	0.0	0.09086	0.02777	0.02872	0.04573	0.02558	0.0	0.0	0.02931	0.07938	0.08477	0.54927	0.02475	0.0	0.03823	0.0	0.05531	0.04283	0.0	0.0	0.0	0.0	0.09378	0.03501	0.16099	0.04386	0.02768	0.05861	0.02653	0.77093	0.0	0.0	0.26713	0.0	0.21786	0.0	0.0245	0.10229	0.02177	0.02556	0.1701	0.0464	0.09717	0.04564	0.02593	0.07298	0.09408	0.0	0.02114	0.0	0.0	0.0599	0.14376	0.0	0.0	0.05235	0.03112	0.0	0.0	0.06912	0.0	0.03595	0.10154	0.0	0.0	0.06423	0.07543	0.0	0.0	0.10407	0.0	0.0	0.0	0.03375	0.0	0.80082	0.0285	0.12006	0.03302	0.10563	0.03394	0.0	0.12552	0.10719	0.0	0.25397	0.0	0.0471	0.02707	0.0	0.0	0.0	0.01942	0.0	0.64942	0.02457	0.05587	0.04114	0.0	0.0	0.0	0.02553	0.11428	0.07621	0.02652	0.0	0.21814	0.0	0.03055	0.1624	0.03333
D00232	0.08515	0.16227	0.34774	0.07196	0.13391	0.29743	0.40145	0.4995	0.11384	0.03053	0.39074	0.0	0.02662	1.0	0.06354	0.02717	0.06315	0.0	0.02713	0.06288	0.0	0.0	0.0	0.03035	0.37974	0.2999	0.02419	0.04637	0.08623	0.37265	0.1125	0.02944	0.09417	0.05471	0.07951	0.22672	0.08803	0.10594	0.20393	0.38807	0.04581	0.10719	0.21386	0.11519	0.04581	0.12262	0.45521	0.05597	0.0	0.10068	0.05471	0.02867	0.02455	0.05689	0.22637	0.27242	0.02395	0.02177	0.02786	0.11688	0.0393	0.06674	0.0	0.10942	0.09031	0.30701	0.03818	0.31682	0.0	0.17941	0.08551	0.02781	0.11077	0.02536	0.15912	0.0	0.05802	0.07761	0.06493	0.02151	0.0	0.05198	0.07954	0.06477	0.16774	0.08575	0.22463	0.04465	0.05093	0.0638	0.09137	0.29152	0.04264	0.10397	0.07205	0.04436	0.41531	0.08005	0.18926	0.62064	0.15151	0.0	0.05792	0.27426	0.02575	0.29875	0.29272	0.08225	0.41751	0.1019	0.37755	0.12784	0.0	0.02458	0.12481	0.06454	0.10275	0.39464	0.07915	0.19896	0.10975	0.04144	0.05005	0.0573	0.23905	0.0	0.05727	0.0	0.11212	0.06416	0.30933	0.02751	0.22992	0.02972	0.05697	0.02622	0.23989	0.01857	0.08293	0.06585	0.18887	0.04522	0.0	0.27437	0.04041	0.04816	0.04662	0.10203	0.27244	0.31411	0.26273	0.12064	0.20436	0.04369	0.32792	0.04447	0.60515	0.16197	0.05609	0.02803	0.21184	0.14522	0.071	0.06512	0.11514	0.1852	0.20971	0.08868	0.11655	0.0	0.05183	0.08781	0.0481	0.08902	0.31874	0.02882	0.12582	0.12026	0.02455	0.0561	0.0	0.34393	0.10659	0.03115	0.30111	0.24511	0.16315	0.04843	0.08537	0.2874	0.38879	0.09751	0.07037	0.19185	0.0	0.31213	0.02496	0.0	0.0	0.05916	0.19272	0.08915	0.05383	0.28542	0.1931	0.28988	0.02878	0.05521	0.02092	0.0	0.08546	0.18212	0.05577	0.30688	0.0214	0.0	0.33867	0.14289	0.03926	0.03978	0.06865	0.03165	0.07488
D00234	0.13361	0.15347	0.0206	0.0	0.14075	0.02009	0.17187	0.1294	0.36834	0.24977	0.04317	0.22228	0.02828	0.06354	1.0	0.30474	0.25345	0.27083	0.29225	0.2982	0.23181	0.27658	0.03	0.29756	0.22634	0.07975	0.05139	0.0	0.25793	0.14663	0.34528	0.03128	0.18864	0.26819	0.22782	0.21388	0.18216	0.31838	0.20821	0.07095	0.15222	0.40487	0.19375	0.12335	0.02433	0.18528	0.0359	0.20556	0.29171	0.19016	0.23913	0.30657	0.31659	0.24865	0.24893	0.06028	0.31644	0.25061	0.25321	0.18927	0.21351	0.44356	0.42708	0.25123	0.0	0.02835	0.0	0.21646	0.0	0.02887	0.51431	0.34978	0.19288	0.33829	0.1517	0.21991	0.10173	0.02748	0.24507	0.19555	0.43158	0.30751	0.18723	0.23254	0.25366	0.24474	0.28577	0.14836	0.16353	0.27425	0.19412	0.01788	0.1346	0.22724	0.20263	0.06601	0.13552	0.07876	0.1917	0.03146	0.15523	0.3376	0.33821	0.18009	0.24995	0.14063	0.18646	0.18106	0.0	0.09213	0.11417	0.13437	0.19153	0.0908	0.23948	0.36196	0.02797	0.27533	0.20261	0.0	0.33683	0.23225	0.3418	0.18728	0.28612	0.33454	0.22298	0.33691	0.32089	0.34015	0.01852	0.36624	0.16812	0.16594	0.28027	0.14639	0.15503	0.16829	0.24429	0.1614	0.23698	0.02402	0.27886	0.30326	0.18967	0.31837	0.14745	0.38557	0.16859	0.07272	0.14819	0.18493	0.41108	0.25672	0.08906	0.14038	0.11652	0.10486	0.20748	0.15646	0.09312	0.15294	0.39655	0.12401	0.17398	0.0	0.0	0.22999	0.1549	0.37445	0.26307	0.1017	0.27691	0.34823	0.17282	0.20075	0.23704	0.22581	0.14285	0.27503	0.38605	0.05776	0.40094	0.30113	0.04427	0.15722	0.192	0.05145	0.13812	0.19037	0.06058	0.15942	0.2595	0.21662	0.21466	0.18691	0.27992	0.02887	0.39973	0.36102	0.24181	0.43691	0.31849	0.17973	0.22392	0.0	0.03057	0.29813	0.23219	0.07532	0.15905	0.20772	0.36224	0.14739	0.05631	0.25947	0.13201	0.04875	0.2018	0.20295	0.23182	0.14359	0.23277
D00235	0.17408	0.14986	0.0793	0.05942	0.12731	0.07732	0.08651	0.0588	0.19252	0.22061	0.08308	0.07819	0.0	0.02717	0.30474	1.0	0.47336	0.37691	0.1702	0.21717	0.13608	0.07856	0.0	0.10764	0.08079	0.09714	0.15172	0.19433	0.22093	0.13041	0.17179	0.0	0.22148	0.1343	0.08312	0.14184	0.22404	0.19025	0.1561	0.09103	0.12488	0.08765	0.46073	0.17659	0.0	0.17838	0.0	0.13262	0.10256	0.09571	0.1343	0.60961	0.15399	0.13964	0.18153	0.07734	0.1502	0.1158	0.56951	0.14815	0.06968	0.23577	0.25384	0.09808	0.12309	0.0	0.03999	0.11515	0.0	0.0	0.1966	0.09864	0.18871	0.65674	0.27118	0.1291	0.0	0.03526	0.16156	0.17593	0.15807	0.27994	0.27123	0.106	0.20674	0.16368	0.1712	0.12172	0.09051	0.19138	0.16688	0.09175	0.36144	0.28036	0.16573	0.34188	0.07847	0.10911	0.11116	0.0	0.05733	0.16412	0.06862	0.11595	0.16149	0.14293	0.15829	0.17978	0.02573	0.16667	0.04683	0.12153	0.35355	0.067	0.15883	0.13494	0.03588	0.09404	0.12952	0.11785	0.16759	0.194	0.17053	0.09378	0.11626	0.09424	0.10806	0.09197	0.11733	0.23259	0.09502	0.09758	0.07639	0.44563	0.12777	0.25016	0.11623	0.06586	0.12153	0.09875	0.08001	0.0	0.10087	0.18327	0.07165	0.11822	0.19062	0.12523	0.18263	0.06997	0.22889	0.24272	0.20949	0.28331	0.07115	0.37698	0.07942	0.08882	0.15043	0.42016	0.17691	0.26136	0.1117	0.03978	0.18534	0.09218	0.04536	0.16927	0.23196	0.19035	0.64635	0.22388	0.0853	0.30757	0.10365	0.31427	0.21436	0.24921	0.57892	0.09948	0.42193	0.0741	0.34466	0.11756	0.12343	0.17031	0.06443	0.06601	0.09602	0.12256	0.03371	0.1329	0.21587	0.09335	0.31249	0.26982	0.57835	0.0	0.10087	0.26706	0.08164	0.09578	0.28993	0.20502	0.28898	0.06955	0.0	0.21706	0.16834	0.0	0.23297	0.16177	0.13689	0.08604	0.12544	0.1712	0.11646	0.12508	0.15129	0.14556	0.08115	0.13262	0.13608
D00241	0.3371	0.30472	0.12285	0.10357	0.26137	0.11978	0.16752	0.13664	0.45087	0.15962	0.1287	0.28825	0.0	0.06315	0.25345	0.47336	1.0	0.22564	0.36964	0.3519	0.31623	0.24997	0.0	0.17313	0.1715	0.06838	0.11491	0.33868	0.28918	0.08575	0.37775	0.0	0.30022	0.15604	0.18051	0.19423	0.32077	0.22961	0.1451	0.03204	0.10882	0.16974	0.20992	0.09769	0.0	0.13782	0.0	0.11557	0.11916	0.14828	0.15604	0.29972	0.33444	0.16225	0.14061	0.04493	0.3262	0.23796	0.26469	0.17213	0.14319	0.28358	0.3268	0.11396	0.0	0.0	0.09294	0.16724	0.0	0.0	0.33235	0.15866	0.30697	0.32129	0.31042	0.3	0.13782	0.03149	0.19803	0.23848	0.24536	0.32526	0.2975	0.15735	0.15649	0.42781	0.3797	0.10607	0.10516	0.25604	0.22622	0.1066	0.38178	0.29725	0.22424	0.31778	0.15196	0.33806	0.03302	0.0	0.13322	0.19069	0.15946	0.1069	0.35072	0.23464	0.14714	0.28253	0.0	0.19365	0.05442	0.24952	0.18257	0.03892	0.1516	0.22492	0.0	0.1396	0.10871	0.13693	0.1252	0.1883	0.28276	0.13921	0.19379	0.14655	0.12555	0.10686	0.23141	0.32534	0.11041	0.15695	0.17752	0.4378	0.14845	0.33218	0.16205	0.10594	0.10838	0.07998	0.12443	0.0	0.1172	0.33342	0.08325	0.13736	0.34334	0.18589	0.05813	0.0	0.10327	0.16073	0.24341	0.39837	0.12279	0.39819	0.15379	0.15329	0.25705	0.41279	0.33288	0.27335	0.16726	0.03552	0.2067	0.22822	0.15811	0.26689	0.18457	0.33961	0.32828	0.28502	0.1372	0.22626	0.12043	0.27386	0.27582	0.30103	0.27215	0.16001	0.35152	0.0	0.28273	0.13659	0.14341	0.05421	0.07486	0.03835	0.17917	0.0904	0.0	0.23021	0.42412	0.10847	0.25079	0.25708	0.31623	0.0	0.16225	0.46159	0.12697	0.19682	0.33687	0.26227	0.38377	0.17219	0.0	0.39793	0.28181	0.14639	0.28426	0.15441	0.15905	0.06057	0.3017	0.22905	0.06292	0.29067	0.16765	0.1298	0.09429	0.15409	0.19764
D00255	0.15096	0.13046	0.06983	0.02617	0.1104	0.06809	0.16866	0.17196	0.10503	0.35838	0.07316	0.22535	0.1278	0.0	0.27083	0.37691	0.22564	1.0	0.24527	0.20127	0.18587	0.22644	0.10168	0.30916	0.17484	0.09791	0.0	0.08556	0.15867	0.17207	0.10379	0.14135	0.12854	0.27865	0.22541	0.21252	0.13536	0.23345	0.19119	0.03159	0.08122	0.07601	0.39863	0.18859	0.0	0.29062	0.0	0.30456	0.19994	0.2147	0.27865	0.61511	0.22192	0.28974	0.10535	0.0	0.24519	0.1448	0.67461	0.217	0.29448	0.2744	0.2814	0.20456	0.0	0.0	0.0	0.19372	0.0	0.0	0.33529	0.25142	0.09819	0.35175	0.16524	0.17634	0.11058	0.0	0.21459	0.1357	0.23396	0.11989	0.17977	0.19516	0.23525	0.16834	0.19481	0.07916	0.27713	0.29435	0.30449	0.0808	0.17229	0.20873	0.38262	0.13479	0.15298	0.14339	0.10309	0.0	0.17887	0.10674	0.20067	0.14022	0.23272	0.18044	0.08236	0.22115	0.02265	0.07226	0.29139	0.10539	0.2614	0.04358	0.35285	0.19446	0.0	0.19513	0.26875	0.06919	0.27982	0.29236	0.29863	0.28628	0.25556	0.26873	0.19895	0.26418	0.19425	0.20987	0.08368	0.28027	0.22341	0.21242	0.0904	0.18738	0.1976	0.18918	0.17633	0.19821	0.31641	0.10855	0.28974	0.18112	0.40928	0.16019	0.20791	0.25983	0.27634	0.02054	0.20655	0.29159	0.27983	0.17692	0.06266	0.17969	0.17815	0.08952	0.11545	0.20028	0.12993	0.09713	0.22559	0.0	0.28861	0.08118	0.03995	0.26156	0.16659	0.2942	0.35941	0.18778	0.25912	0.2098	0.10618	0.20598	0.11153	0.25912	0.297	0.31942	0.44233	0.02175	0.28095	0.21645	0.06521	0.25769	0.21677	0.11626	0.25837	0.14822	0.02968	0.06522	0.21985	0.12143	0.83252	0.21361	0.34621	0.09785	0.28974	0.11018	0.32287	0.2751	0.12417	0.10653	0.13956	0.03463	0.16934	0.21345	0.1292	0.11746	0.1352	0.21582	0.28403	0.18646	0.13045	0.21765	0.22473	0.11015	0.1853	0.34365	0.20683	0.23224	0.12221
D00270	0.15077	0.13476	0.0	0.09794	0.15264	0.0	0.15246	0.15544	0.34046	0.20752	0.0	0.33888	0.0	0.02713	0.29225	0.1702	0.36964	0.24527	1.0	0.29366	0.40327	0.4087	0.0	0.4449	0.17743	0.097	0.0	0.04851	0.27039	0.15463	0.31801	0.0	0.20649	0.51268	0.24118	0.20424	0.1352	0.23468	0.29934	0.0	0.20582	0.12549	0.14743	0.17616	0.09352	0.19164	0.0	0.21858	0.28315	0.2324	0.62436	0.29684	0.77112	0.6492	0.23876	0.03861	0.76192	0.207	0.23522	0.18133	0.31476	0.30897	0.22091	0.19245	0.08194	0.0	0.0	0.23844	0.0	0.03698	0.32029	0.26794	0.17344	0.15884	0.16606	0.38258	0.20929	0.0	0.12438	0.22258	0.21815	0.20113	0.20862	0.23737	0.21849	0.45766	0.31275	0.2006	0.22902	0.37855	0.21114	0.0	0.11819	0.17928	0.20941	0.04442	0.13829	0.26515	0.13111	0.0403	0.16017	0.18855	0.21566	0.1875	0.73858	0.08159	0.1771	0.19649	0.0	0.09991	0.20818	0.14571	0.1413	0.11043	0.22869	0.29508	0.0	0.17651	0.60217	0.03923	0.22961	0.19801	0.28688	0.46198	0.22126	0.27502	0.27194	0.48604	0.20938	0.27011	0.0	0.32843	0.20195	0.14571	0.14847	0.27128	0.16722	0.17114	0.16045	0.19993	0.2273	0.0	0.37823	0.21854	0.23039	0.18636	0.11428	0.44333	0.15723	0.0	0.13098	0.17424	0.24981	0.2124	0.04305	0.12327	0.13996	0.05374	0.11159	0.13739	0.10099	0.1343	0.26858	0.03972	0.17995	0.0	0.0	0.34116	0.146	0.47767	0.19757	0.15013	0.54602	0.3095	0.17862	0.21975	0.19701	0.40523	0.04347	0.30816	0.26571	0.0	0.20195	0.52398	0.0	0.14662	0.23465	0.0	0.22327	0.1982	0.0	0.19785	0.7752	0.16789	0.19295	0.15873	0.15634	0.0	0.30081	0.32464	0.23194	0.32237	0.20831	0.11755	0.14645	0.0	0.0	0.74546	0.12488	0.2223	0.17843	0.25291	0.56052	0.09375	0.03789	0.18328	0.1785	0.0	0.29012	0.20234	0.25157	0.21858	0.21406
D00274	0.32676	0.15319	0.04078	0.04583	0.18336	0.0	0.19802	0.14288	0.58132	0.21482	0.04272	0.22782	0.02798	0.06288	0.2982	0.21717	0.3519	0.20127	0.29366	1.0	0.25544	0.22892	0.0	0.19123	0.22591	0.09762	0.05086	0.07494	0.35574	0.10059	0.2435	0.03095	0.31544	0.11485	0.27005	0.13658	0.25587	0.33446	0.18306	0.05535	0.10357	0.2096	0.09989	0.10598	0.02408	0.18426	0.05247	0.14326	0.14771	0.20427	0.08609	0.15049	0.31732	0.08951	0.10739	0.10743	0.3095	0.21269	0.12595	0.12287	0.16511	0.1913	0.20519	0.19521	0.0	0.02805	0.10183	0.16211	0.0	0.02857	0.33442	0.11678	0.42508	0.17601	0.10537	0.24233	0.16166	0.12969	0.36909	0.28501	0.11055	0.20752	0.17473	0.13604	0.1858	0.32214	0.24591	0.10094	0.13036	0.25253	0.16687	0.0	0.15969	0.33212	0.2431	0.13978	0.12712	0.60598	0.17217	0.06226	0.12385	0.17729	0.11382	0.12886	0.25157	0.16273	0.11238	0.19908	0.07937	0.2207	0.16624	0.17505	0.19092	0.05946	0.21854	0.29386	0.12736	0.16097	0.1385	0.0303	0.34596	0.27635	0.3229	0.10027	0.13628	0.18944	0.19889	0.13614	0.1114	0.36192	0.0	0.11551	0.12671	0.17505	0.2264	0.20125	0.16502	0.07797	0.16766	0.31594	0.27988	0.02377	0.11941	0.3086	0.14853	0.17704	0.2353	0.08027	0.16016	0.05314	0.1594	0.29573	0.22521	0.45869	0.0749	0.16656	0.12866	0.0	0.13747	0.16504	0.12132	0.16133	0.07049	0.08494	0.17302	0.0	0.0	0.2096	0.15441	0.32222	0.17984	0.18692	0.17684	0.27406	0.1859	0.13944	0.22843	0.23502	0.13681	0.14726	0.27606	0.04957	0.33835	0.12571	0.0	0.17593	0.08202	0.02546	0.2399	0.13357	0.09798	0.25927	0.37347	0.08284	0.16377	0.19043	0.17324	0.0	0.20912	0.38827	0.2856	0.19855	0.21493	0.12129	0.15111	0.0	0.03025	0.36005	0.13184	0.09717	0.16777	0.11122	0.08775	0.15283	0.11925	0.09988	0.13788	0.0	0.14868	0.1486	0.2404	0.14326	0.33068
D00281	0.14213	0.13766	0.0	0.0	0.15592	0.0	0.11658	0.11886	0.26235	0.16825	0.0	0.27475	0.03415	0.0	0.23181	0.13608	0.31623	0.18587	0.40327	0.25544	1.0	0.27608	0.0	0.21299	0.1202	0.03604	0.0	0.0	0.23635	0.09946	0.24796	0.0	0.13563	0.19197	0.15936	0.15205	0.12745	0.15216	0.11471	0.0	0.11471	0.07157	0.11064	0.1133	0.0	0.11546	0.0	0.08121	0.13821	0.12899	0.19197	0.19521	0.36487	0.19961	0.14822	0.0	0.36791	0.25083	0.1395	0.18144	0.17069	0.22126	0.19255	0.16351	0.0	0.0	0.0	0.11638	0.0	0.0	0.21758	0.22765	0.13868	0.127	0.10907	0.94868	0.14527	0.0	0.08949	0.17956	0.18066	0.16932	0.12049	0.17671	0.13815	0.27203	0.251	0.1118	0.0739	0.17407	0.06813	0.0	0.12073	0.1331	0.1563	0.04187	0.10575	0.17817	0.0348	0.0	0.11589	0.15076	0.18073	0.11268	0.33965	0.05556	0.11632	0.11645	0.0	0.10206	0.08604	0.14885	0.14434	0.12309	0.17025	0.21199	0.0	0.13443	0.18515	0.0	0.20525	0.14741	0.19207	0.16593	0.13008	0.18488	0.1434	0.182	0.12034	0.20144	0.0	0.23902	0.15443	0.14885	0.12767	0.26261	0.11388	0.13033	0.12466	0.04767	0.15113	0.0	0.19961	0.14477	0.16535	0.18498	0.07782	0.179	0.10113	0.0	0.10885	0.11513	0.16548	0.14857	0.0264	0.12592	0.10703	0.06591	0.11242	0.14034	0.10316	0.13719	0.15508	0.09743	0.10842	0.0	0.0	0.15096	0.11673	0.32889	0.12977	0.11267	0.19686	0.13485	0.12695	0.14434	0.15752	0.15671	0.04098	0.19686	0.22431	0.0	0.16146	0.23596	0.0	0.09431	0.16969	0.0	0.12833	0.11911	0.0	0.09211	0.3296	0.11433	0.14599	0.10575	0.125	0.0	0.19961	0.27521	0.15421	0.2346	0.17537	0.09896	0.12329	0.0	0.0	0.32188	0.12581	0.1543	0.14266	0.14869	0.19568	0.06384	0.03572	0.15572	0.06632	0.0	0.11118	0.1493	0.14909	0.12182	0.16667
D00283	0.12309	0.07947	0.0	0.0	0.09002	0.0	0.16733	0.1435	0.31449	0.15322	0.0	0.37834	0.0	0.0	0.27658	0.07856	0.24997	0.22644	0.4087	0.22892	0.27608	1.0	0.0	0.29633	0.21694	0.06242	0.03039	0.0	0.18023	0.12008	0.28252	0.0	0.0783	0.30145	0.25595	0.13976	0.11037	0.21665	0.12378	0.0	0.095	0.28557	0.1361	0.16263	0.02878	0.15856	0.0	0.17122	0.77512	0.27338	0.26708	0.27404	0.52402	0.27771	0.11996	0.0	0.5111	0.19951	0.22032	0.12299	0.21653	0.30929	0.16742	0.2256	0.0	0.0	0.0	0.16705	0.0	0.0	0.25961	0.32461	0.08006	0.10519	0.06297	0.26191	0.24064	0.03251	0.29699	0.17032	0.17562	0.09776	0.06956	0.16242	0.26206	0.25035	0.28656	0.0926	0.21143	0.21344	0.14364	0.0	0.0697	0.07685	0.2194	0.07252	0.12767	0.27832	0.07802	0.03721	0.17668	0.08704	0.26235	0.09503	0.38778	0.15897	0.09634	0.22428	0.0	0.05892	0.17711	0.08593	0.08333	0.10195	0.15649	0.26997	0.06615	0.18702	0.35703	0.0	0.35567	0.13549	0.26394	0.2105	0.23457	0.45974	0.36749	0.35096	0.26874	0.17444	0.0	0.38275	0.18644	0.08593	0.21035	0.17464	0.14793	0.15799	0.22627	0.04668	0.3097	0.0	0.31344	0.22197	0.28885	0.2207	0.1055	0.37724	0.1221	0.043	0.07378	0.23303	0.22832	0.16229	0.01987	0.0727	0.12922	0.08188	0.07033	0.08102	0.05956	0.0792	0.33717	0.07333	0.14889	0.0	0.0	0.20101	0.1055	0.82347	0.07492	0.06505	0.43455	0.12986	0.10994	0.08333	0.09094	0.25322	0.07098	0.28449	0.20529	0.02277	0.09322	0.30049	0.0	0.11386	0.18693	0.0	0.25975	0.10045	0.02388	0.27982	0.33047	0.18507	0.17813	0.11713	0.10353	0.0	0.56361	0.20987	0.31603	0.33154	0.10124	0.05714	0.07118	0.0	0.0	0.3165	0.0787	0.2556	0.08236	0.18024	0.37734	0.18266	0.03498	0.14313	0.08991	0.0	0.11997	0.22082	0.28715	0.10089	0.26034
D00295	0.0	0.0	0.0	0.0	0.0	0.0	0.0	0.0	0.0	0.0	0.0	0.03531	0.26394	0.0	0.03	0.0	0.0	0.10168	0.0	0.0	0.0	0.0	1.0	0.0	0.0	0.0	0.06852	0.0	0.0	0.0	0.0	0.29192	0.0	0.0	0.0	0.02631	0.0	0.0	0.12978	0.0	0.292	0.06073	0.0	0.0	0.292	0.10351	0.0	0.06891	0.0	0.0	0.0	0.0	0.0	0.0	0.0	0.0	0.0	0.0	0.07891	0.11547	0.11132	0.0	0.057	0.0283	0.0	0.0	0.0	0.0	0.0	0.07698	0.08448	0.0	0.0	0.0	0.0	0.0	0.0	0.0	0.03065	0.0	0.06348	0.0	0.0	0.0	0.0	0.0	0.0	0.2846	0.0627	0.1205	0.05781	0.0	0.0	0.0	0.0	0.0	0.0	0.0	0.0	0.0	0.0	0.04264	0.0	0.05737	0.0	0.0	0.0	0.0	0.0	0.0	0.09734	0.0	0.0	0.0	0.0	0.0	0.0	0.0	0.0	0.0	0.0	0.02551	0.08173	0.10822	0.0	0.0	0.0	0.0	0.0	0.0	0.0	0.0	0.0	0.0	0.02445	0.0	0.09663	0.17112	0.02937	0.03109	0.0	0.22418	0.0	0.0	0.11169	0.0	0.03302	0.0	0.0	0.07271	0.0	0.0	0.11455	0.0	0.0672	0.0	0.0	0.02796	0.05297	0.0	0.0	0.0	0.0	0.0	0.0972	0.0	0.0	0.0	0.0	0.0	0.0	0.0	0.0	0.0	0.0	0.0	0.03425	0.0	0.0	0.0	0.0	0.07701	0.0	0.0	0.0	0.0	0.0	0.2401	0.0	0.06064	0.0	0.02605	0.0	0.0	0.08702	0.0646	0.0	0.96225	0.0	0.0	0.0	0.0	0.0	0.0	0.0	0.0	0.32212	0.0	0.05927	0.0	0.04035	0.0	0.0	0.0	0.0	0.08085	0.0	0.0	0.12578	0.0	0.0	0.13782	0.0
