data	D00035	D00110	D00136	D00195	D00219	D00225	D00227	D00228	D00234	D00252	D00274	D00283	D00293	D00294	D00303	D00319	D00326	D00329	D00331	D00332	D00335	D00336	D00338	D00340	D00345	D00349	D00351	D00354	D00358	D00364	D00367	D00373	D00379	D00380	D00392	D00394	D00418	D00437	D00438	D00451	D00456	D00464	D00474	D00477	D00480	D00495	D00499	D00504	D00512	D00513	D00519	D00521	D00524	D00528	D00530	D00533	D00536	D00537	D00538	D00539	D00542	D00543	D00544	D00545	D00546	D00547	D00548	D00549	D00550	D00552	D00553	D00560	D00563	D00574	D00593	D00594	D00607	D00611	D00615	D00616	D00617	D00618	D00619	D00629	D00631	D00633	D00636	D00638	D00639	D00640	D00642	D00647	D00648	D00649	D00650	D00651	D00654	D00656	D00658	D00677	D00678	D00694	D00697	D00704	D00708	D00709	D00711	D00726	D00732	D00733	D00735	D00738	D00739	D00740	D00741	D00759	D00760	D00761	D00765	D00771	D00775	D00779	D00791	D00798	D00799	D00809	D00812	D00816	D00823	D00831	D00960	D00963	D00964	D01071	D01108	D01111	D01118	D01242	D01243	D01253	D01256	D01275	D01287	D01295	D01350	D01448	D01450	D01453	D01575	D01599	D01603	D01712	D01768	D01799	D01828	D01854	D01969	D02041	D02086	D02087	D02088	D02092	D02098	D02101	D02163	D02173	D02204	D02207	D02234	D02237	D02253	D02261	D02262	D02272	D02347	D02356	D02360	D02362	D02409	D02461	D02485	D02546	D02566	D02630	D02914	D03037	D03180	D03274	D03365	D03450	D03580	D03742	D03826	D03830	D03878	D03991	D04034	D04048	D04370	D04790	D04985	D04999	D05024	D05077	D05156	D05453	D05458	D05461	D06106	D06172
D00035	1.0	0.44077	0.00734	0.25781	0.03999	0.0	0.0015	0.0	0.03809	0.0085	0.00532	0.0	0.0	0.00276	0.0	0.03539	0.0	0.02559	0.0021	0.0	0.02511	0.0324	0.0	0.003	0.00599	0.03134	0.08816	0.0	0.0093	0.05377	0.0	0.09336	0.03588	0.05094	0.0093	0.0	0.01642	0.03204	0.02861	0.00234	0.0	0.0	0.00747	0.00876	0.0	0.04429	0.01172	0.01738	0.00579	0.0	0.00261	0.07646	0.0	0.00247	0.0	0.01334	0.00785	0.115	0.0029	0.01041	0.0	0.0	0.0	0.0	0.0	0.0	0.03988	0.0	0.0	0.07239	0.06942	0.06128	0.02713	0.00874	0.02543	0.09678	0.00116	0.0239	0.02875	0.2965	0.02741	0.03059	0.0	0.03106	0.01988	0.0	0.00428	0.06238	0.0	0.0469	0.30866	0.00202	0.04958	0.005	0.00241	0.00217	0.00269	0.00181	0.00236	0.21546	0.0	0.00419	0.02923	0.0	0.0502	0.02435	0.0	0.00788	0.04944	0.00687	0.07584	0.03729	0.06711	0.05126	0.04972	0.08389	0.01836	0.05934	0.18048	0.0	0.0	0.04252	0.05714	0.08078	0.05691	0.0	0.08564	0.0	0.0	0.13254	0.0	0.19601	0.0	0.00876	0.00143	0.21634	0.0	0.00125	0.06457	0.0075	0.00228	0.09532	0.17575	0.0	0.14372	0.07031	0.10557	0.00232	0.04263	0.031	9.1E-4	0.00129	0.00703	0.03409	0.00163	0.2405	0.0	0.20379	0.00864	0.05977	0.00817	0.00511	0.0074	0.19259	0.07688	0.08917	0.0	0.08972	0.01831	0.04739	0.00517	0.30178	0.27658	0.25152	0.0044	0.0	0.18153	0.21154	0.00523	0.11709	0.0297	0.19862	0.0246	0.0	0.03324	0.04005	0.01181	0.09644	0.06741	0.05833	0.2198	0.18572	0.07678	0.26868	0.02684	0.1298	0.07616	0.16541	0.2224	0.34679	0.00731	0.16082	0.09353	0.06273	0.10526	0.0	0.0	0.00132	0.00594	0.00866
D00110	0.44077	1.0	0.0378	0.26468	0.0439	0.01586	9.3E-4	0.00803	0.04088	0.01414	0.02663	0.03869	0.02892	0.00249	0.01621	0.04091	0.02125	0.02411	0.0179	0.0	0.01378	0.01801	0.02244	0.02213	0.02284	0.03739	0.10577	0.00255	0.01135	0.10457	0.00785	0.01004	0.01956	0.02717	0.00573	0.00793	0.02997	0.03885	0.03307	0.0058	0.02087	0.01964	0.03039	0.02934	0.00789	0.02729	0.00722	0.02184	0.02151	0.00497	0.01722	0.05434	0.01605	0.01558	0.01485	0.04583	0.05315	0.14147	0.00797	0.00642	0.0	0.0	0.02405	0.0	0.0	0.01962	0.17374	0.0088	0.00665	0.11456	0.01596	0.05059	0.00928	0.02927	0.01395	0.13201	7.1E-4	0.0	0.04817	0.22858	0.0337	0.03709	0.00282	0.0359	0.16014	0.00945	0.01746	0.00339	0.00483	0.01239	0.21788	0.01817	0.02783	0.01419	0.07348	0.06469	0.01984	0.00129	0.01561	0.20488	0.01796	0.01498	0.04774	0.0	0.04346	0.08983	0.03078	0.02579	0.07824	0.01277	0.02231	0.01039	8.3E-4	0.08111	0.01877	0.11661	0.03555	0.07989	0.28902	0.00211	7.1E-4	0.0074	0.00489	0.00868	0.00548	0.00807	0.00997	0.00818	0.02013	0.07873	0.002	0.298	0.0125	0.0054	8.8E-4	0.35902	0.00839	0.00515	0.01485	0.0235	0.01508	0.12851	0.12647	0.19052	0.18174	0.02316	0.00963	0.0146	0.02008	0.0169	0.00373	8.0E-4	0.00611	0.01858	0.01772	0.25762	0.00258	0.26839	0.01055	0.0477	0.00998	0.02558	0.00538	0.1992	0.02116	0.12162	0.0	0.14898	0.03269	9.2E-4	0.00319	0.18137	0.16632	0.17525	0.02054	0.00288	0.22456	0.15997	0.02207	0.19398	0.00977	0.14725	0.01053	0.01532	0.03616	0.00966	0.00728	0.05261	0.11763	0.01658	0.2269	0.25256	0.09494	0.26942	0.08685	0.02823	0.0466	0.11903	0.21148	0.35562	0.0045	0.06605	0.07371	0.05006	0.12406	0.04778	0.00712	0.083	0.00366	0.01057
D00136	0.00734	0.0378	1.0	9.3E-4	0.1163	0.1007	8.7E-4	0.08376	0.27043	0.0069	0.38134	0.1505	0.16443	0.11757	0.08942	0.06377	0.08305	0.18246	0.03593	0.11703	0.03132	0.14563	0.12756	0.04442	0.07666	0.00494	0.17336	0.0507	0.10898	0.14385	0.20038	0.07048	0.04802	0.07276	0.0054	0.0146	0.00911	0.00505	0.00996	0.06754	0.02136	0.12472	0.06487	0.12521	0.00174	0.04059	0.13685	0.01246	0.03923	0.00113	0.02158	0.11971	0.0	0.01865	0.04146	0.0914	0.03232	0.01884	0.003	0.10128	0.0	0.0	0.0	0.0	0.0	0.0	0.03056	0.01906	0.06835	0.09947	0.00835	0.27441	0.07358	0.26135	0.10862	0.09445	0.1602	0.06457	0.02102	0.08662	0.02855	0.00482	0.10162	0.01081	0.05817	0.02086	0.05174	0.03483	0.0	0.00604	0.0088	0.1392	0.09962	0.04471	0.04735	0.02857	0.03983	0.0413	0.05417	0.02311	0.01838	0.08116	0.18137	0.019	0.04395	0.01006	0.17624	0.1706	0.12567	0.06437	0.09533	0.02041	0.11111	0.13028	0.1069	0.058	0.02666	0.01483	0.05182	0.10519	0.07229	0.13124	0.11305	0.06099	0.12654	0.01485	0.0022	0.00181	0.07868	0.02547	0.02244	0.02813	0.05333	0.01732	8.3E-4	0.06343	0.05438	0.01328	0.00777	0.23081	0.06183	0.03185	0.01928	0.10133	5.6E-4	0.0895	0.02086	0.01748	0.01467	0.03692	0.00123	7.5E-4	0.06043	0.04059	0.04403	0.03052	0.09546	0.0202	0.10126	0.09097	0.00474	0.36629	0.06252	7.2E-4	0.10061	0.009	0.01015	0.0236	0.03932	0.01411	0.07763	0.01024	0.01037	0.01036	0.04959	0.10405	0.09682	0.0186	0.02294	0.10163	0.20273	0.02361	0.0637	0.73861	0.00459	0.17478	0.12524	0.15784	0.00169	0.07581	0.00144	0.09011	0.00693	0.07535	0.0227	0.08605	0.15319	0.01496	0.02385	0.05566	0.05958	0.05447	0.24557	0.09548	7.6E-4	0.28678	0.00152	0.11595	0.08914	0.00502
D00195	0.25781	0.26468	9.3E-4	1.0	8.2E-4	0.0019	0.0	0.08958	0.03768	0.05302	0.01977	0.03075	0.01458	6.9E-4	0.00172	5.8E-4	0.01639	0.02274	5.8E-4	0.0	5.1E-4	0.03516	0.01131	2.1E-4	0.00174	0.00152	0.08834	5.0E-4	0.01517	0.00936	0.01973	0.04749	7.7E-4	7.7E-4	0.01424	0.01374	1.5E-4	0.00156	4.7E-4	0.01883	0.00174	0.00235	0.00215	8.5E-4	0.00282	0.0	0.0	0.00385	0.00217	0.02516	1.8E-4	0.02132	0.0	0.0	5.1E-4	0.01861	0.00226	0.15658	0.00214	0.0	0.0	0.0	0.0	0.0	0.0	0.0	0.07229	9.6E-4	0.00912	0.00126	0.01905	0.0168	0.0597	8.5E-4	5.2E-4	0.08566	0.0	0.0	0.00179	0.17517	0.00147	0.00149	0.03617	5.1E-4	0.0022	7.7E-4	0.01352	0.02442	0.04185	0.0404	0.45592	0.0193	5.0E-4	0.0	0.00943	0.00146	0.00893	0.00725	1.7E-4	0.13683	0.0015	0.00149	1.6E-4	0.0	0.03576	0.05926	0.00256	2.5E-4	8.6E-4	0.02684	0.06352	0.02691	0.05048	8.9E-4	7.7E-4	0.11204	0.02144	0.15728	0.32743	0.00184	6.2E-4	0.04666	0.03786	0.04109	0.03946	0.01398	0.03183	0.01417	0.01553	0.05991	1.4E-4	0.41017	6.9E-4	0.0103	0.0	0.14945	0.003	0.00156	0.01772	0.00238	0.02293	0.23425	0.12033	0.01931	0.26073	0.0269	0.03701	0.0	0.00153	6.7E-4	0.00113	0.0	0.02694	7.3E-4	0.01715	0.11613	0.03454	0.16692	0.0141	0.03912	0.01333	0.04844	0.02744	0.76445	0.03275	0.45773	0.0	0.12831	0.04196	0.01984	0.0	0.38714	0.38277	0.38855	5.1E-4	0.01978	0.13072	0.18331	0.00132	0.14061	0.01733	0.12008	0.05759	7.8E-4	0.00128	0.02608	0.0	0.02181	0.09449	0.01315	0.86821	0.33774	0.09173	0.1948	0.12233	0.10537	0.01763	0.11326	0.14123	0.21347	0.0	0.01624	0.14089	0.04106	0.1591	0.0239	0.00246	0.0127	0.0	0.01412
D00219	0.03999	0.0439	0.1163	8.2E-4	1.0	0.01629	0.00159	0.00459	0.03263	0.06008	0.0755	0.00111	0.04031	0.13786	0.04058	0.03577	0.10134	0.0336	0.10765	0.05586	0.58929	0.76267	0.03127	0.13482	0.16693	0.02643	0.0422	0.00587	0.08197	0.04196	0.01088	0.09448	0.65538	0.23071	0.00857	0.00154	0.03816	0.02702	0.0442	0.09806	0.05081	0.02017	0.12132	0.07895	0.00153	0.0509	0.26533	0.23911	0.04208	9.9E-4	0.15365	0.10519	0.0	0.02229	0.03794	0.16642	0.06297	0.01229	0.11769	0.26729	0.0	0.0	0.0	0.0	0.0	0.0	0.03485	0.01673	0.00371	0.07385	0.0413	0.09688	0.00559	0.26637	0.5822	0.09354	0.06894	0.04825	0.11515	0.07386	0.04257	0.0258	0.02133	0.04799	0.06434	0.02108	0.02924	0.09139	0.0	0.00837	0.02848	0.05113	0.05913	0.05965	0.12133	0.13996	0.12089	0.04606	0.10371	0.07803	0.04372	0.0166	0.02887	0.0	0.18176	0.05172	0.08369	0.06236	0.05044	0.08491	0.21012	0.09703	0.02403	0.05229	0.12859	0.10179	0.02013	0.00388	0.03664	4.2E-4	0.00734	0.08698	0.06235	0.08175	0.06979	0.00156	0.00193	0.00159	0.09601	0.03819	0.01735	0.05524	0.09434	0.15023	0.01476	0.03549	0.00163	0.00218	0.03841	0.03318	0.13086	0.02358	0.0686	0.02227	0.02107	0.05273	0.09281	0.02088	0.02819	0.59086	0.00999	0.00137	0.06591	0.61515	0.0598	0.06003	0.0188	0.02328	0.07616	0.02877	0.02936	0.07252	0.08811	6.3E-4	0.05843	7.5E-4	0.01508	0.01667	0.01317	0.1069	0.07898	0.03314	0.05673	0.05667	0.16229	0.02184	0.01087	0.07339	0.02666	0.05792	0.06256	0.02695	0.05779	0.04057	0.02289	0.02722	0.24855	0.04851	0.02281	0.06924	0.02416	0.03311	0.04782	0.06425	0.00804	0.26482	0.0458	0.05983	0.08054	0.05703	0.09864	0.09413	0.02562	0.03019	0.0102	0.08246	0.00134	0.01913	0.15774	0.0311
D00225	0.0	0.01586	0.1007	0.0019	0.01629	1.0	0.0	0.06446	0.03056	0.00873	0.05623	0.10229	0.08651	0.06596	0.06819	0.04031	0.01954	0.07211	0.01511	0.0	0.00835	0.07362	0.06711	0.0027	0.04116	0.00375	0.05301	0.14016	0.03665	0.05594	0.1417	0.00965	0.01258	0.00369	0.0	0.00777	0.01151	0.0044	0.0022	0.00431	0.04935	0.32278	0.00874	0.00409	0.00773	0.0	0.0	0.01087	0.0734	0.005	0.00235	0.0818	0.0	0.0	0.00392	0.01419	0.0092	0.0	0.058	0.0	0.0	0.0	0.0	0.0	0.0	0.0	0.00907	0.00797	0.64497	0.00602	0.00896	0.01336	0.02653	0.00408	0.00845	0.03735	0.0	0.0	0.00662	0.01203	0.0042	0.0042	0.01985	0.00239	0.05325	8.7E-4	0.01503	5.1E-4	0.03145	0.00764	0.00326	0.00836	0.00238	0.02061	0.01443	0.04731	0.00242	0.04022	0.01776	0.05532	0.04247	0.20376	0.07281	0.0	0.01251	0.0	0.01044	0.07108	0.00411	0.02412	0.01489	0.03353	8.2E-4	0.00426	0.01252	0.02268	0.02121	0.0196	0.0	0.12598	7.0E-4	0.02153	0.00478	0.00835	0.00535	0.00791	0.00977	0.00801	0.01851	0.02711	0.01254	0.0	0.06333	0.0	0.0	0.01342	0.00822	0.01276	0.00834	0.11707	0.00206	0.01255	0.03167	0.11003	0.0	0.00365	0.03108	0.0	0.01539	0.01087	0.00311	0.0	0.01844	0.01195	0.00451	0.00351	0.03044	0.00575	0.03405	0.02295	0.03221	0.05401	8.1E-4	0.00148	0.00414	0.04343	0.0	0.00512	0.00516	0.0	0.0	0.0038	0.0036	0.00359	0.00798	0.02033	0.11505	0.0103	0.00535	0.01073	0.08036	0.0	0.09709	0.13453	0.00361	0.04343	0.0	0.06947	0.00104	0.01197	0.00168	0.00474	0.00352	0.01046	0.01814	0.02094	0.14346	0.02981	0.0571	0.0	0.0	0.03203	0.05505	0.02409	4.7E-4	0.02721	0.00695	0.01406	0.0	0.03412
D00227	0.0015	9.3E-4	8.7E-4	0.0	0.00159	0.0	1.0	0.0	0.01755	0.00101	6.3E-4	0.0	0.0	0.00109	0.0	9.2E-4	0.0	0.0	8.3E-4	0.0	0.001	0.00129	0.0	0.01536	8.5E-4	8.2E-4	0.02005	0.0	0.04321	7.1E-4	0.0	0.01638	0.00139	0.0206	0.0011	0.0	0.0	8.4E-4	7.5E-4	0.08259	0.03239	0.0	8.9E-4	0.00104	0.0	9.4E-4	0.00139	0.00207	6.9E-4	0.07306	0.01336	0.02842	0.0	0.26821	0.00995	0.00158	9.3E-4	4.7E-4	0.00115	0.00124	0.0	0.0	0.0	0.0	0.0	0.0	0.0335	0.05154	0.01658	0.00153	0.00131	0.17274	0.0	0.00104	0.00101	0.01236	4.6E-4	0.0	9.1E-4	6.1E-4	7.2E-4	8.0E-4	0.01461	8.1E-4	0.0	0.0	5.1E-4	5.5E-4	0.03614	8.8E-4	0.03545	8.0E-4	0.01007	0.01691	0.01232	0.01113	0.01377	7.2E-4	0.01211	0.05747	0.02787	5.0E-4	0.01687	0.0	0.00127	0.0	0.0	9.4E-4	0.00104	0.06494	0.00111	0.03954	0.0	0.00108	9.4E-4	0.00684	0.01777	0.01378	3.9E-4	0.02707	0.02088	0.0	0.0	0.01418	0.0	0.0	0.0	0.0	0.0	0.0099	0.02355	5.1E-4	0.0	0.00104	5.7E-4	7.0E-4	0.0	0.52298	0.00122	8.9E-4	0.01169	0.01015	0.03734	0.0	0.00711	0.01099	0.03664	0.34178	0.00977	0.0012	0.00762	0.70858	8.3E-4	0.00132	0.129	6.5E-4	0.014	0.17788	0.04015	9.6E-4	0.03797	6.1E-4	8.8E-4	0.00748	5.8E-4	0.0	0.0	0.00679	0.0	0.04702	0.03861	0.02864	0.03677	0.03673	6.2E-4	0.01496	0.0	0.0	0.2309	7.0E-4	0.01175	0.0	0.0	0.0	0.01141	4.8E-4	0.0014	0.001	0.0	5.0E-4	0.00892	0.0143	0.03214	0.01132	0.01201	0.00107	6.2E-4	0.03515	0.05932	5.6E-4	8.7E-4	0.00106	0.0361	0.00101	0.01019	0.0	0.0	0.04721	7.1E-4	0.04022
D00228	0.0	0.00803	0.08376	0.08958	0.00459	0.06446	0.0	1.0	0.04115	0.01007	0.04277	0.08675	0.06661	0.00103	0.02264	0.0032	0.07101	0.05553	0.00303	0.06668	7.7E-4	0.01291	0.05168	0.00304	0.03026	0.00434	0.06617	0.00274	0.00627	0.03059	0.12659	0.06707	0.01515	0.05316	0.0	0.00897	0.0088	0.00507	0.00259	0.02471	0.0081	0.18183	0.01001	0.05893	0.00892	0.0	0.0	0.01253	0.10299	0.01665	0.00264	0.05793	0.0	0.0	0.00452	0.01627	0.01052	0.0	0.00696	0.0	0.0	0.0	0.0	0.0	0.0	0.0	0.01037	0.00919	0.04728	0.00706	0.07838	0.03138	0.10251	0.00479	0.01766	0.0918	0.04912	0.0	0.00759	0.0353	0.00486	0.00484	0.04173	0.00281	0.03566	0.00116	0.01991	0.03964	0.01905	0.11702	0.04139	0.00982	0.00279	0.0	0.00734	0.04518	0.00272	2.2E-4	0.00239	0.00752	0.00697	0.11478	0.00222	0.0	0.01431	0.09359	0.01194	0.09768	0.00482	0.02105	0.03399	0.02075	0.08655	0.005	0.00115	0.02652	0.00552	0.08928	0.0163	0.00276	9.4E-4	0.08288	0.03415	0.05803	0.03823	0.00912	0.0745	0.06111	0.06727	0.01812	0.00206	0.0	0.00104	0.0	0.0	0.02406	0.00948	0.00495	0.07291	0.03831	0.02711	0.02019	0.0196	0.07447	0.0	0.02606	0.01924	0.0	0.0069	0.01309	0.00359	0.0	0.04336	0.11595	0.02316	0.00405	0.03982	0.00658	0.00583	0.13268	0.00551	0.04108	0.04426	0.06913	0.02954	0.06638	0.0	0.02566	0.03267	0.01143	0.0	0.04817	0.04563	0.04559	0.00951	0.04273	0.02543	0.11685	0.00613	0.00554	0.02268	0.0	0.07964	0.06631	0.00416	0.02104	0.0	0.01132	0.01818	0.05896	0.07851	0.03847	0.04872	0.03071	0.02054	0.02428	0.02335	0.01845	0.00777	0.0	0.0	0.03623	0.00421	0.13925	0.00813	0.12363	0.00802	0.10964	0.0	0.00584
D00234	0.03809	0.04088	0.27043	0.03768	0.03263	0.03056	0.01755	0.04115	1.0	0.0219	0.16015	0.07375	0.0289	0.01973	0.05818	0.0079	0.05111	0.03497	0.06439	0.0	0.03127	0.07354	0.02242	0.0126	0.05633	0.03281	0.04812	0.05799	0.04101	0.15636	0.03139	0.04134	0.05584	0.05264	0.01464	0.03489	0.01486	0.0043	0.00639	0.09719	0.182	0.03785	0.00594	0.02447	0.02284	0.0	0.03936	0.03166	0.03379	0.03838	2.8E-4	0.2017	0.0	0.0	0.03965	0.01028	0.0222	0.0	0.00591	0.0	0.0	0.0	0.0	0.0	0.0	0.0	0.00564	0.0708	0.02223	0.03596	0.05136	0.26873	0.10722	0.04482	0.06745	0.14197	0.01414	0.04104	0.0048	0.05669	0.01528	0.0146	0.17032	0.00694	0.0794	0.02021	0.00346	0.03375	0.0303	0.0434	0.07508	0.05132	0.02613	0.01754	0.03081	0.01893	0.0113	0.02549	0.00993	0.08021	0.1566	0.02389	0.1263	0.01392	0.0421	0.02168	0.00709	0.01469	0.02456	0.15209	0.11137	0.07655	0.13525	0.02546	0.01939	0.08965	0.12014	0.06686	0.01454	0.16156	0.24023	0.12814	0.03876	0.03577	0.04039	0.01984	0.03948	0.02011	0.04841	0.05012	0.04823	0.0062	0.02601	0.01059	0.0	0.07769	0.00803	0.02735	0.04778	0.03725	0.033	0.01379	0.08496	0.09015	0.0	0.02753	0.08336	0.0	0.01618	0.04825	0.00924	0.01507	0.02457	0.0412	0.03203	0.01682	0.16173	0.0039	0.03811	0.07647	0.03604	0.15384	0.03128	0.02885	0.03353	0.01947	0.0	0.06938	0.13996	0.03991	0.02259	0.08738	0.08276	0.08269	0.01746	0.17438	0.03112	0.03811	0.00364	0.02617	0.02471	0.0	0.03475	0.25671	0.00353	0.03909	0.03967	0.03917	0.04505	0.04385	0.03276	0.08377	0.00914	0.04931	0.0123	0.13779	0.05924	0.07996	0.08279	0.02115	0.01142	0.034	0.19583	0.08026	0.02014	0.06843	0.03763	0.09661	0.02594	0.03818
D00252	0.0085	0.01414	0.0069	0.05302	0.06008	0.00873	0.00101	0.01007	0.0219	1.0	0.02244	0.03281	0.09953	0.08974	0.00906	0.02581	0.01129	0.08297	0.01601	0.0	0.05669	0.08437	0.07721	0.00246	0.04443	0.02499	0.05038	0.00451	0.05741	0.1228	0.04686	0.01259	0.07526	0.05042	0.00625	0.13816	3.2E-4	0.02664	0.02087	0.02007	0.02401	0.01081	0.03167	0.03681	0.10099	0.0217	0.06222	0.15037	0.03397	0.0308	0.00214	0.01179	0.0	0.00166	0.00428	0.52481	0.04304	8.0E-4	0.03853	0.02868	0.0	0.0	0.0	0.0	0.0	0.0	0.01532	0.00864	0.02016	0.01131	0.07252	0.02053	0.04675	0.02587	0.0534	0.03624	0.0174	0.0	0.02569	0.0115	0.03514	0.02544	0.00139	0.02265	0.02562	0.02135	0.00932	0.0138	0.02729	0.05489	0.03528	0.01558	0.00406	0.02497	0.03597	0.02102	0.0164	0.00153	0.00194	0.05008	0.02066	0.00964	0.00464	0.0	0.04529	0.0	0.01325	0.032	0.00772	0.02926	0.00824	0.05253	0.00154	0.00801	0.00693	0.03174	0.02099	0.0228	0.00222	0.00389	0.00132	0.05207	0.07398	0.01089	0.08281	0.09783	0.17362	0.09913	0.01069	0.02163	3.1E-4	0.00289	0.01502	0.04226	9.6E-4	0.03943	0.10738	0.05693	0.06746	0.07748	0.03886	0.01615	0.04962	0.01233	6.4E-4	0.06021	0.04869	0.00156	0.03141	0.06502	0.01608	8.7E-4	0.00801	0.05277	0.00441	0.07554	0.00112	0.02747	0.05334	0.02873	0.05046	0.02155	0.00649	0.0412	0.06727	0.04866	0.0	0.01973	0.41565	0.02253	0.01424	0.04106	0.03967	0.03963	0.01244	0.00142	0.03094	0.00369	0.01031	0.08236	0.03637	0.0	0.04617	0.00165	0.02239	0.00376	0.06271	0.10791	0.02637	0.00314	0.04751	0.01941	0.02262	0.01	0.04538	0.05988	0.08602	0.0467	0.05169	0.00317	0.0388	0.01928	0.01942	0.03015	0.01179	0.01128	0.03397	0.00118	0.03608	0.05345
D00274	0.00532	0.02663	0.38134	0.01977	0.0755	0.05623	6.3E-4	0.04277	0.16015	0.02244	1.0	0.07589	0.09234	0.06315	0.03852	0.04496	0.052	0.09806	0.07904	0.05306	0.03518	0.12328	0.07163	0.03147	0.14467	0.00347	0.05151	0.05625	0.03228	0.0551	0.05684	0.05616	0.05218	0.05865	0.00391	0.01038	0.0398	0.00355	0.00621	0.0111	0.01471	0.06964	0.03491	0.21606	0.00106	0.01765	0.02366	0.0449	0.02582	0.02115	0.01501	0.05965	0.0	0.01352	0.02044	0.05221	0.03875	5.0E-4	0.00203	0.02333	0.0	0.0	0.0	0.0	0.0	0.0	0.02102	0.01071	0.04584	0.25148	0.00583	0.17171	0.00364	0.21553	0.04216	0.07379	0.08616	0.0	0.0146	0.04619	0.01179	0.00339	0.10959	0.00674	0.03204	0.01345	0.0352	0.03454	0.02568	0.02813	0.0195	0.14418	0.05986	0.1337	0.03362	0.02008	0.02822	0.06787	0.02318	0.0277	0.01266	0.04573	0.18481	0.0	0.03049	0.0131	0.06745	0.443	0.19858	0.13985	0.20254	0.01907	0.12409	0.20586	0.05435	0.09356	0.07383	0.03021	0.01887	0.07125	0.05104	0.01371	0.04029	0.04859	0.0451	0.03727	0.00135	0.0011	0.04926	0.01277	0.02638	0.00965	0.03716	0.02992	6.0E-4	0.02947	0.02553	0.00952	0.00542	0.10296	0.02239	0.02539	0.00338	0.03213	0.0246	0.0331	0.01767	0.01266	0.05778	0.04509	8.1E-4	5.4E-4	0.14005	0.04957	0.07894	0.00279	0.11536	0.01401	0.02999	0.00648	0.00344	0.96054	0.13549	0.01494	0.03691	0.06539	0.01706	0.05954	7.2E-4	0.02589	0.00217	0.0227	0.02198	0.02196	0.02103	0.11221	0.08966	0.09127	0.01604	0.11759	0.12759	0.0	0.01684	0.3434	0.00324	0.08121	0.02384	0.11529	0.00103	0.01354	0.01741	0.02422	0.02193	0.04018	0.00438	0.09668	0.09908	0.00318	0.02859	0.00199	0.01475	0.00789	0.14719	0.0068	4.6E-4	0.06559	9.3E-4	0.09576	0.01484	0.00364
D00283	0.0	0.03869	0.1505	0.03075	0.00111	0.10229	0.0	0.08675	0.07375	0.03281	0.07589	1.0	0.10092	0.4067	0.01799	0.07394	0.00745	0.12418	0.01593	0.0	7.0E-4	0.07682	0.07829	3.4E-4	0.07167	0.0269	0.12429	0.04166	0.14699	0.13192	0.12551	0.07281	0.01608	0.00105	0.05693	0.04057	0.0486	0.02817	0.02307	0.02401	0.00594	0.15611	0.00734	0.05193	0.02905	0.03329	0.0	0.01313	0.07706	0.0227	3.0E-4	0.12699	0.0	0.0	0.01966	0.03958	0.00772	0.0	0.02676	0.0	0.0	0.0	0.0	0.0	0.0	0.0	0.00697	0.0054	0.09691	0.00171	0.06867	0.06787	0.06544	0.00116	0.1344	0.09524	0.01703	0.1129	0.02614	0.05823	0.04118	0.0269	0.01938	0.02504	0.02723	0.00105	0.04109	6.2E-4	0.03799	0.00923	0.0266	0.02007	0.0302	0.02489	0.00541	0.00489	3.1E-4	0.08177	0.01916	0.02023	0.00511	0.09855	0.04144	0.0	0.03073	0.01364	0.00876	0.12811	0.05213	0.06596	0.0368	0.11744	0.05461	0.05404	0.0707	0.0142	0.03009	0.01065	0.01751	0.15218	8.5E-4	0.04908	0.09474	0.063	0.10604	0.04127	0.03673	0.03013	0.00706	0.0293	0.01316	0.0182	9.4E-4	0.04119	0.0	0.09668	0.07725	0.02636	0.06387	0.12449	2.6E-4	0.003	0.11093	0.16524	0.0	0.07228	0.10885	0.0	0.02687	0.01389	0.00376	0.0	0.09413	0.01527	0.00239	0.03374	0.03237	0.01768	0.13657	0.11172	0.08182	0.0729	0.07661	0.02389	0.08194	0.0093	0.0	6.0E-4	0.08902	0.02456	0.0	0.03096	0.02933	0.0293	0.00835	0.01985	0.07902	0.02213	0.00449	0.02727	0.14179	0.0	0.03382	0.09191	0.02312	0.1545	0.0	0.1069	0.03733	0.06334	0.02714	0.01536	0.02379	0.05065	0.0222	0.07361	0.08623	0.10441	0.02088	0.0	0.02374	0.00878	0.04673	0.11726	0.01669	0.27462	0.0084	0.03896	0.0	0.08667
D00293	0.0	0.02892	0.16443	0.01458	0.04031	0.08651	0.0	0.06661	0.0289	0.09953	0.09234	0.10092	1.0	0.18449	0.01036	0.08339	0.02037	0.83359	0.03486	0.09174	0.00622	0.22365	0.77578	0.04275	0.08569	0.01874	0.07918	0.05854	0.02904	0.13413	0.13482	0.01435	0.00938	0.05507	0.08757	0.13383	3.1E-4	0.02003	0.02039	0.00631	0.08972	0.13196	0.11086	0.06104	0.11582	0.02945	0.03368	0.01603	0.01196	0.00718	0.02171	0.02006	0.0	0.01947	0.02547	0.15727	0.03792	0.0	0.00891	0.03893	0.0	0.0	0.0	0.0	0.0	0.0	0.03544	0.02227	0.09357	0.08971	0.03839	0.08481	0.03005	0.14844	0.07147	0.06018	0.09993	0.0	0.03655	0.0116	0.02239	0.01912	0.02195	0.02213	0.01214	0.02124	0.07504	0.04813	0.02492	0.12276	0.00922	0.03302	0.03549	0.1014	0.091	0.02375	0.09471	0.0455	0.05535	0.02711	0.0772	0.0833	0.0228	0.0	0.21917	0.13329	0.20806	0.1228	0.06127	0.01217	0.0111	0.07488	0.02488	0.06351	0.00933	0.04464	0.00806	0.03417	0.0	0.12143	0.02134	0.01052	0.09106	0.01242	0.10193	0.04851	0.16817	0.04916	0.0193	0.00687	0.00284	0.05271	0.00839	0.10564	0.0	0.00703	0.12314	0.07742	0.03571	0.33592	0.03009	0.08746	0.07073	0.0132	0.0	0.06947	0.0694	0.01824	0.00902	0.0081	0.00458	0.0	0.00258	0.00891	0.0234	0.00517	0.01935	0.0237	0.02698	0.01183	0.02552	0.0887	0.00875	0.01133	0.07876	0.01338	0.0	0.02345	0.03352	0.07015	0.01933	0.01073	0.01017	0.01016	0.0613	0.02247	0.08961	0.0085	0.02631	0.03211	0.13811	0.0	0.01502	0.08115	0.01643	0.1348	0.03394	0.34576	0.02574	0.00263	0.01287	0.02199	0.00516	0.01009	0.00986	0.0408	0.24726	0.06657	0.02798	0.0	0.021	0.01566	0.00531	0.01241	0.01151	0.0133	0.01025	0.05776	0.02219	0.02703
D00294	0.00276	0.00249	0.11757	6.9E-4	0.13786	0.06596	0.00109	0.00103	0.01973	0.08974	0.06315	0.4067	0.18449	1.0	0.0211	0.05703	0.00734	0.15379	0.0815	0.0	0.08818	0.21076	0.14312	0.10198	0.06549	0.0022	0.10465	0.04734	0.05909	0.15164	0.0931	0.0396	0.13026	0.14025	0.00203	0.0013	0.02159	0.00225	0.00605	0.0795	8.0E-4	0.0817	0.01554	0.02647	0.03952	0.01536	0.02286	0.02869	0.07851	8.4E-4	0.07788	0.00636	0.0	0.0018	0.00465	0.10894	0.00275	0.01017	0.09878	0.0203	0.0	0.0	0.0	0.0	0.0	0.0	0.00248	0.00949	0.0625	0.03891	0.07145	0.01542	0.00126	0.04153	0.12783	0.01129	0.02124	0.0	0.06411	0.00635	0.00598	0.00215	0.01599	0.00656	0.00101	0.00767	0.00155	0.0136	0.0	0.0029	0.00438	0.03602	0.02748	0.02826	0.08237	0.06541	0.09144	0.09494	0.10099	0.00197	6.9E-4	0.05249	0.00161	0.0	0.02223	0.05211	0.06569	0.08186	0.02657	0.01438	0.01113	0.05407	0.0209	0.02755	0.0441	0.06076	0.00107	0.01098	7.2E-4	0.10121	0.01793	7.9E-4	0.03439	0.03427	0.0385	0.00132	0.00163	0.00134	0.00696	2.0E-4	2.0E-4	0.03213	0.00687	0.01356	0.0122	0.0122	0.04202	0.03402	0.06646	0.16847	0.07763	0.00159	0.05107	0.00114	0.01761	0.02746	0.05011	0.00168	7.2E-4	0.11254	0.00827	9.4E-4	0.00183	0.12375	0.00191	0.04702	0.01394	0.00172	0.0549	0.07249	0.05193	0.06066	0.00877	5.4E-4	0.03081	6.3E-4	0.0	0.00973	8.8E-4	0.02751	0.01008	0.0051	0.026	0.02598	0.01322	0.01637	0.06782	0.00554	0.00208	0.05336	0.0944	0.0	0.00125	0.0655	0.00202	0.06196	0.02304	0.13707	0.00125	0.00111	0.0202	8.7E-4	0.02177	0.00552	0.00186	0.06634	0.11265	0.04807	0.00203	0.00103	0.01425	0.00313	0.00147	0.07608	5.6E-4	0.001	0.00113	0.00114	0.01158	0.05501
D00303	0.0	0.01621	0.08942	0.00172	0.04058	0.06819	0.0	0.02264	0.05818	0.00906	0.03852	0.01799	0.01036	0.0211	1.0	0.05298	0.0544	0.02149	0.03174	0.02548	0.15314	0.03069	0.00804	0.0392	0.00686	0.06949	0.02174	0.00271	0.02283	0.07784	0.02293	0.04939	0.03554	0.02647	0.03221	0.03836	2.1E-4	0.06342	0.06333	0.02914	0.06847	0.08446	0.00903	0.02062	0.09146	0.06633	0.07652	0.01132	0.13311	0.07092	0.01915	0.28866	0.14242	0.0	0.02646	0.01464	0.22802	0.01855	0.02748	0.01386	0.0	0.0	0.0	0.0	0.0	0.08828	0.00935	0.07516	0.02739	0.00636	0.04748	0.0991	0.08452	0.05452	0.07466	0.03997	0.01694	0.04778	0.03067	0.03988	0.06092	0.08315	0.06621	0.05981	0.09486	0.00104	0.01318	0.01161	0.05255	0.00793	0.00313	0.03526	0.03695	0.0	0.04399	0.0273	0.03515	0.01199	0.0309	0.02178	0.05891	0.05331	0.00856	0.01406	0.01291	0.16282	0.04094	0.01784	0.02069	0.02116	0.03741	0.00507	9.8E-4	0.02145	0.04196	0.03666	0.02337	0.01772	0.0	0.00199	8.4E-4	0.02195	0.04795	0.04274	0.05367	0.01845	0.01014	0.00832	0.05153	0.0274	0.12016	0.0	0.04684	0.05801	0.0	0.05986	0.103	0.05079	0.04417	0.06641	0.02984	0.021	0.00479	0.10373	0.04781	0.03658	0.0047	0.0	0.00621	0.0307	0.00323	0.0	0.01475	0.03376	0.04334	0.00364	0.06328	0.00593	0.02121	0.02332	0.05381	0.037	0.01472	0.00134	0.04147	0.00797	0.00851	0.03159	0.03258	0.0	0.04391	0.00364	0.00345	0.00345	0.00819	0.0678	0.06941	0.01026	0.00553	0.02786	0.05925	0.01311	0.07525	0.12578	0.01322	0.02767	0.07712	0.01879	0.07581	0.06052	0.00152	0.00455	0.00988	0.04613	0.0185	0.04274	0.07479	0.00451	0.02248	0.0265	0.07654	0.0906	0.0194	0.02448	0.04795	0.06751	0.0483	0.01292	0.05042	0.057
D00319	0.03539	0.04091	0.06377	5.8E-4	0.03577	0.04031	9.2E-4	0.0032	0.0079	0.02581	0.04496	0.07394	0.08339	0.05703	0.05298	1.0	0.00902	0.06951	0.00195	0.01987	0.03395	0.07826	0.06469	0.00209	0.04898	0.54712	0.06307	0.16678	0.00847	0.13745	0.08904	0.004	0.03264	0.01202	0.1305	0.01834	1.7E-4	0.56071	0.52282	0.01394	0.003	0.04993	0.0083	0.01256	0.01823	0.05277	0.07141	0.07849	0.01862	0.09833	0.04765	0.0228	0.03719	0.00152	0.04046	0.03304	0.08618	0.03851	0.02018	0.0064	0.0	0.0	0.02399	0.06975	0.0	0.01957	0.06775	0.04085	0.03819	0.12712	0.11476	0.0162	0.03387	0.01252	0.15433	0.0187	7.1E-4	0.0289	0.58336	0.0592	0.48336	0.53748	0.01763	0.56544	0.01743	0.00649	0.0048	0.01686	0.00237	0.02393	0.0037	0.00674	0.01547	0.03902	0.03013	0.07623	0.00187	0.03385	0.0122	0.04377	0.00258	0.06358	0.05654	0.0	0.13426	0.01426	0.00443	0.06039	0.08682	0.00771	0.05252	0.00775	0.03265	0.09	0.08511	0.06273	0.07608	0.01034	0.02461	0.05845	0.00523	0.00298	0.01717	0.00346	0.01922	0.05174	0.02305	0.05243	0.00854	0.00157	0.01419	0.04975	0.00581	0.15027	8.8E-4	0.03306	0.03815	0.02033	0.10675	0.11125	0.03779	0.01916	0.00732	0.00406	5.9E-4	0.02879	0.00719	0.00142	0.00252	0.0282	0.00244	7.9E-4	0.0703	0.03101	0.01438	0.00548	0.01572	0.01617	0.00787	0.07962	0.0253	0.04318	0.07979	4.5E-4	0.02853	5.3E-4	0.0	0.00337	0.03612	9.2E-4	0.04002	0.00431	0.00479	0.00479	0.007	0.01805	0.12881	0.00468	0.00549	0.05901	0.05739	0.01023	0.00451	0.04447	0.54408	0.06074	0.07197	0.08641	0.01822	0.04039	0.00117	7.3E-4	0.01965	0.06042	0.01632	0.03638	0.06938	0.00689	0.04518	0.01835	0.06644	0.1077	0.02735	0.08357	0.01911	0.00377	0.02431	9.7E-4	0.04596	0.0268
D00326	0.0	0.02125	0.08305	0.01639	0.10134	0.01954	0.0	0.07101	0.05111	0.01129	0.052	0.00745	0.02037	0.00734	0.0544	0.00902	1.0	0.01698	0.00366	0.05844	0.07775	0.09499	0.1185	0.00367	0.01348	0.02159	0.00759	0.00772	0.00684	0.02543	0.01524	0.01261	0.09206	0.01206	0.0	0.01006	2.8E-4	0.0057	0.02059	0.00555	0.00931	0.0242	0.0115	0.01337	0.01	0.0	0.02853	0.01408	0.02214	0.05651	0.03734	0.15731	0.0	0.0	0.02262	0.0186	0.01209	0.0	0.00783	0.0	0.14251	0.18235	0.14223	0.2016	0.23726	0.29115	0.01197	0.01957	0.0773	0.01964	0.01161	0.11783	0.01168	0.04101	0.07871	0.01998	0.0	0.02238	0.00868	0.07563	0.02224	0.00544	0.03656	0.02236	0.02602	0.00824	0.00666	0.28334	0.02239	0.12847	0.01747	0.04951	0.05358	0.0	0.13294	0.04592	0.13026	0.02724	0.00289	0.00865	0.00801	0.01528	0.00268	0.05359	0.01645	0.0	0.01373	0.00428	0.01342	0.0249	0.1971	0.00626	0.02317	0.01391	0.14943	0.02406	0.01649	0.05238	0.0	0.00267	0.26075	0.00924	0.268	0.01091	0.29999	0.01023	0.1891	0.15509	0.94734	0.23129	0.04883	0.0	0.12915	0.0	0.0	0.06647	0.01063	0.00555	0.0108	0.08479	0.0028	0.02371	0.00591	0.04554	0.0	0.20447	0.0058	0.0	0.00793	0.07954	0.00402	0.0	0.05551	0.08746	0.07735	0.00454	0.03355	0.00756	0.00636	0.01039	0.00601	0.04995	0.08633	0.01215	0.23181	0.01504	0.0	0.05591	0.02382	0.0	0.01637	0.02033	0.01926	0.01924	0.0501	0.03744	0.01523	0.0804	0.00704	0.04718	0.25357	0.03008	0.17112	0.23419	0.00468	0.03012	0.02876	0.02027	0.00168	0.04798	0.0138	0.01972	0.01464	0.09202	0.00866	0.19772	0.02767	0.00556	0.00892	0.12236	0.0	0.01376	0.00467	0.01091	7.5E-4	0.01168	0.00901	0.03765	0.0188	0.00637
D00329	0.02559	0.02411	0.18246	0.02274	0.0336	0.07211	0.0	0.05553	0.03497	0.08297	0.09806	0.12418	0.83359	0.15379	0.02149	0.06951	0.01698	1.0	0.02906	0.07648	0.00519	0.18643	0.64668	0.03563	0.07143	0.01562	0.08967	0.0488	0.1881	0.11181	0.11238	0.04506	0.00782	0.0459	0.073	0.12367	2.6E-4	0.0167	0.01699	0.0281	0.07479	0.11	0.09241	0.28437	0.09655	0.02455	0.10756	0.01336	0.00997	0.00599	0.0181	0.02921	0.01554	0.01623	0.03936	0.1311	0.03161	0.0	0.00742	0.05966	0.0	0.0	0.0	0.0	0.0	0.0	0.02954	0.01856	0.15653	0.07478	0.032	0.08071	0.03988	0.12374	0.08201	0.05017	0.0833	0.0	0.03047	0.0417	0.03635	0.01594	0.05155	0.01845	0.01952	0.01771	0.13793	0.04955	0.02078	0.10233	0.01684	0.048	0.11936	0.08452	0.07585	0.0198	0.07895	0.03793	0.04614	0.0226	0.06435	0.06944	0.0269	0.0	0.20431	0.11111	0.17344	0.31233	0.20605	0.13114	0.1129	0.06242	0.03582	0.21361	0.03792	0.04696	0.01725	0.02849	0.00864	0.10122	0.01779	0.02092	0.12572	0.03899	0.13688	0.07288	0.15944	0.04098	0.01608	0.01527	0.00237	0.04394	0.00699	0.08806	0.0	0.00586	0.22272	0.06454	0.02977	0.28002	0.02509	0.07291	0.07523	0.04734	0.0	0.09329	0.07381	0.0152	0.00752	0.00675	0.00382	0.0	0.12596	0.00743	0.0195	0.00431	0.04798	0.01975	0.17477	0.07847	0.02127	0.09419	0.13762	0.01767	0.10874	0.03138	0.01285	0.02772	0.02794	0.07159	0.06172	0.0196	0.01857	0.01855	0.0511	0.05278	0.0747	0.00708	0.02193	0.09727	0.18856	0.0	0.01252	0.10111	0.0137	0.14525	0.1084	0.32852	0.02145	0.01079	0.02007	0.03164	0.01707	0.03627	0.00822	0.05225	0.23859	0.0708	0.02333	0.0	0.01751	0.03112	0.03053	0.08236	0.00959	0.05802	0.00855	0.04815	0.0185	0.02254
D00331	0.0021	0.0179	0.03593	5.8E-4	0.10765	0.01511	8.3E-4	0.00303	0.06439	0.01601	0.07904	0.01593	0.03486	0.0815	0.03174	0.00195	0.00366	0.02906	1.0	0.0976	0.06438	0.08955	0.02704	0.23854	0.04342	0.00173	0.0284	5.6E-4	0.00155	0.01959	0.01179	0.00379	0.09309	0.18124	0.00155	0.013	0.01155	0.01538	0.01373	0.12415	0.02627	0.01872	0.02194	0.038	0.00108	0.00131	0.00195	0.0254	0.00387	0.01732	0.14078	0.02488	0.0	0.01595	0.02516	0.03098	0.04284	0.02379	0.11116	0.00173	0.0	0.0	0.0	0.0	0.0	0.0	0.02162	0.12796	0.01432	0.05584	0.00304	0.02089	0.01522	0.03789	0.06265	0.10036	0.02205	0.0	0.08471	0.0016	0.02059	0.01468	0.05334	0.0149	0.0122	0.09015	0.02263	0.0349	0.0	0.03348	0.03476	0.06745	0.08009	0.05115	0.17415	0.12544	0.18461	0.04125	0.18589	0.0165	0.0226	0.01251	0.02937	0.01558	0.03138	0.0	0.06778	0.11321	0.08063	0.10691	0.00259	0.00141	0.04517	0.03953	0.00218	0.09265	0.04402	0.02638	5.5E-4	0.01973	0.00964	0.00282	8.1E-4	0.00328	9.1E-4	0.01323	0.01634	0.0134	0.00347	0.01292	0.05128	7.2E-4	0.00937	0.00146	0.01657	0.05311	0.00115	0.00129	0.00283	0.0128	0.20295	0.01438	0.00134	0.00306	0.01828	0.04199	0.00131	0.01494	0.01821	0.08043	0.01717	7.1E-4	0.01789	0.07658	0.05584	0.0084	0.06255	0.01442	0.00144	0.00446	0.00136	0.07592	0.00204	0.01914	0.03675	5.3E-4	0.0	0.05665	0.00926	0.02855	8.6E-4	0.00247	0.02432	0.0243	0.0122	0.05461	0.00311	7.9E-4	0.01697	0.05296	0.04331	0.06144	0.00365	0.01324	0.05504	0.00683	0.00196	0.03667	0.00105	0.05495	0.02085	0.00309	0.02411	0.05498	0.04514	0.00279	0.02702	0.00126	0.01703	0.04674	0.00122	0.00567	0.01705	0.00468	0.06356	0.00356	0.0144	0.21511	9.9E-4	0.00144
D00332	0.0	0.0	0.11703	0.0	0.05586	0.0	0.0	0.06668	0.0	0.0	0.05306	0.0	0.09174	0.0	0.02548	0.01987	0.05844	0.07648	0.0976	1.0	0.03508	0.04527	0.07117	0.05097	0.01564	0.0176	0.0	0.0	0.0	0.0	0.0	0.04463	0.05634	0.01965	0.0	0.0	0.03238	0.04879	0.04356	0.01988	0.0	0.0	0.1618	0.0	0.0	0.17073	0.14375	0.04444	0.01926	0.08198	0.01674	0.13196	0.0	0.0	0.02227	0.0	0.03684	0.10234	0.0247	0.22568	0.0	0.0	0.0	0.0	0.0	0.0	0.0	0.0	0.0	0.0	0.0	0.0	0.0	0.25244	0.01829	0.19249	0.16619	0.05749	0.0159	0.0	0.04174	0.04658	0.04668	0.04729	0.03479	0.0	0.01063	0.16319	0.0	0.1839	0.06086	0.05064	0.18467	0.0	0.04089	0.01395	0.0457	0.039	0.0579	0.0	0.0	0.01394	0.0	0.07683	0.0	0.06656	0.17946	0.0	0.0	0.01707	0.17749	0.05675	0.01853	0.0	0.01961	0.06197	0.06302	0.0	0.06504	0.0	0.0	0.04003	0.0	0.03862	0.0	0.05041	0.0	0.0	0.05536	0.01173	0.0	0.08075	0.0	0.074	0.01358	0.07882	0.0	0.0	0.0	0.08859	0.05591	0.01163	0.026	0.0	0.00908	0.0754	0.05605	0.0	0.01844	0.04055	0.00863	0.0	0.01747	0.04459	0.0732	0.06435	0.04471	0.0	0.0	0.07336	0.0	0.05097	0.0	0.03485	0.06571	0.0	0.05025	0.0	0.0	0.06	0.08249	0.0	0.01092	0.01091	0.0	0.0478	0.0	0.0	0.0	0.14008	0.12701	0.17314	0.04305	0.08628	0.07445	0.06126	0.1223	0.0423	0.0	0.28467	0.01011	0.06383	0.0107	0.20496	0.06421	0.05335	0.03409	0.01881	0.0	0.24112	0.07567	0.05191	0.05584	0.07699	0.13605	0.15274	0.0	0.12815	0.09472	0.0
D00335	0.02511	0.01378	0.03132	5.1E-4	0.58929	0.00835	0.001	7.7E-4	0.03127	0.05669	0.03518	7.0E-4	0.00622	0.08818	0.15314	0.03395	0.07775	0.00519	0.06438	0.03508	1.0	0.61944	0.00483	0.06707	0.1032	0.03888	0.01308	0.06383	0.0231	0.05925	0.00465	0.05669	0.43385	0.12849	0.00538	0.04095	0.02397	0.02737	0.03705	0.07146	0.04992	0.01034	0.06449	0.02941	9.6E-4	0.03375	0.19257	0.18675	0.0244	0.03751	0.08297	0.0816	0.0	0.04142	0.06874	0.04964	0.02147	0.00772	0.07391	0.14137	0.0	0.0	0.0	0.0	0.0	0.0	0.13288	0.00706	5.5E-4	0.01673	0.04962	0.06076	0.01562	0.12493	0.47585	0.0404	0.07233	0.0303	0.07051	0.05634	0.04491	0.02613	0.01158	0.04022	0.05012	0.11517	0.02254	0.10747	0.0	0.04458	0.0163	0.05265	0.02541	0.0277	0.07295	0.08643	0.06014	0.02893	0.05287	0.03608	0.04295	0.00895	0.01336	0.0	0.09741	0.03248	0.03204	0.02102	0.01143	0.09579	0.17145	0.06287	0.01509	0.01185	0.11397	0.06281	0.02072	0.00244	0.01217	2.6E-4	0.00461	0.05252	0.05207	0.04905	0.05828	0.04165	0.05146	0.04221	0.07366	0.03312	0.09373	0.01632	0.1169	0.09929	0.00927	0.06406	0.00102	0.00137	0.04616	0.05241	0.07034	0.01805	0.04491	0.02535	0.01324	0.04297	0.06008	0.0388	0.02392	0.39031	0.01417	8.6E-4	0.0549	0.39239	0.03689	0.03304	0.01007	0.00332	0.02146	0.0173	0.03601	0.03379	0.06956	4.0E-4	0.04786	4.7E-4	0.00947	0.02701	0.01912	0.10473	0.06334	0.01896	0.03388	0.03384	0.08236	0.01186	0.00465	0.04609	0.03227	0.05293	0.04481	0.0	0.03374	0.03537	0.02291	0.0171	0.18224	0.01112	0.01433	0.05171	0.01518	0.01848	0.02832	0.04901	0.01294	0.2063	0.01622	0.0393	0.03724	0.02033	0.07727	0.05599	0.02822	0.01815	0.0064	0.04912	0.01797	0.00102	0.11485	0.03815
D00336	0.0324	0.01801	0.14563	0.03516	0.76267	0.07362	0.00129	0.01291	0.07354	0.08437	0.12328	0.07682	0.22365	0.21076	0.03069	0.07826	0.09499	0.18643	0.08955	0.04527	0.61944	1.0	0.1735	0.09854	0.17522	0.02162	0.07601	0.04691	0.04719	0.16608	0.09125	0.07351	0.55725	0.18193	0.05016	0.06285	0.03098	0.0221	0.03717	0.08886	0.06102	0.09118	0.08349	0.05585	0.00161	0.04355	0.22611	0.23347	0.03176	0.07476	0.10712	0.08344	0.0	0.00213	0.01799	0.08372	0.028	0.00996	0.09565	0.1824	0.0	0.0	0.0	0.0	0.0	0.0	0.00647	0.01186	0.06975	0.0479	0.05772	0.07436	0.02984	0.17904	0.61227	0.11553	0.09332	0.0391	0.07934	0.08262	0.04504	0.0211	0.04717	0.04036	0.06144	0.14607	0.0737	0.1338	0.04772	0.17526	0.04088	0.09976	0.04319	0.06184	0.14194	0.1088	0.1345	0.07438	0.09747	0.04677	0.0525	0.06069	0.00506	0.0	0.1757	0.04191	0.04168	0.10389	0.03271	0.15208	0.21142	0.13657	0.06532	0.03391	0.1064	0.10452	0.03712	0.03557	0.01571	0.09733	0.01901	0.06799	0.05217	0.06361	0.05839	0.06392	0.07898	0.06477	0.08999	0.02887	0.01203	0.02105	0.08927	0.15938	0.01196	0.04234	0.00171	0.0127	0.05369	0.12993	0.09989	0.0726	0.11032	0.01572	0.01708	0.04399	0.12891	0.00199	0.02867	0.5014	0.01607	0.00111	0.08235	0.50837	0.03175	0.04014	0.04345	0.00447	0.04385	0.02262	0.04147	0.11842	0.10385	0.02678	0.04877	0.03227	0.01222	0.05925	0.03181	0.13512	0.0689	0.04758	0.06559	0.06553	0.10773	0.0483	0.06696	0.09046	0.00473	0.05239	0.13178	0.0	0.04389	0.08742	0.01872	0.09597	0.2126	0.18629	0.01885	0.05424	0.04941	0.06343	0.04614	0.07187	0.01407	0.27373	0.13718	0.1	0.04827	0.02623	0.08575	0.07257	0.03416	0.02374	0.00843	0.06367	0.01839	0.00137	0.13345	0.04393
D00338	0.0	0.02244	0.12756	0.01131	0.03127	0.06711	0.0	0.05168	0.02242	0.07721	0.07163	0.07829	0.77578	0.14312	0.00804	0.06469	0.1185	0.64668	0.02704	0.07117	0.00483	0.1735	1.0	0.03316	0.06647	0.01454	0.06143	0.04542	0.02253	0.10405	0.10459	0.01114	0.00727	0.04272	0.06793	0.19461	2.4E-4	0.01554	0.01582	0.0049	0.0696	0.10237	0.086	0.04736	0.08985	0.02284	0.02613	0.01243	0.00928	0.00557	0.01684	0.01556	0.0	0.0151	0.01976	0.12201	0.02942	0.0	0.00691	0.0302	0.27581	0.25071	0.20042	0.16972	0.26947	0.13326	0.0275	0.01727	0.07259	0.06959	0.02978	0.06579	0.02331	0.11516	0.05544	0.04669	0.07753	0.0	0.02836	0.009	0.01737	0.01483	0.01703	0.01717	0.00942	0.01648	0.05822	0.20107	0.01934	0.09523	0.00715	0.02562	0.02753	0.07866	0.14701	0.01842	0.15888	0.0353	0.04294	0.02103	0.05989	0.06462	0.01769	0.0	0.17003	0.10341	0.16141	0.09526	0.04753	0.00944	0.00861	0.05809	0.0193	0.04927	0.00724	0.03463	0.00625	0.02651	0.0	0.0942	0.10668	0.00816	0.15023	0.00964	0.16816	0.03763	0.13046	0.03814	0.11226	0.09185	0.0022	0.04089	0.00651	0.08195	0.0	0.00545	0.19148	0.06006	0.02771	0.2606	0.02335	0.06785	0.05487	0.01024	0.0	0.11462	0.05384	0.01415	0.007	0.00628	0.00355	0.0	0.002	0.00691	0.01815	0.00401	0.01501	0.01838	0.02093	0.00917	0.0198	0.06881	0.00679	0.00879	0.12994	0.01038	0.0	0.01819	0.026	0.05442	0.01499	0.00833	0.00789	0.00788	0.04756	0.01743	0.06952	0.00659	0.02041	0.02491	0.18608	0.0	0.01165	0.13917	0.01275	0.10458	0.02633	0.26823	0.01997	0.00204	0.00998	0.01706	0.004	0.00783	0.00765	0.03165	0.19182	0.05165	0.02171	0.06656	0.01629	0.01215	0.00412	0.00963	0.00893	0.01032	0.00796	0.04481	0.01722	0.02097
D00340	0.003	0.02213	0.04442	2.1E-4	0.13482	0.0027	0.01536	0.00304	0.0126	0.00246	0.03147	3.4E-4	0.04275	0.10198	0.0392	0.00209	0.00367	0.03563	0.23854	0.05097	0.06707	0.09854	0.03316	1.0	0.06351	0.00185	0.03531	2.1E-4	0.02856	0.01221	0.01402	0.0038	0.10084	0.18885	0.00221	4.0E-4	2.0E-4	0.01899	0.01696	0.11475	0.03758	0.00334	0.02705	0.04713	4.0E-4	0.00187	0.00278	0.00466	0.00429	2.6E-4	0.50331	0.00399	0.0	0.02027	0.04458	0.038	0.05328	0.0447	0.13922	0.00247	0.0	0.0	0.0	0.0	0.0	0.0	0.02667	0.00482	0.00256	0.06926	0.00306	0.02554	0.00369	0.04701	0.0679	0.01434	0.04204	0.0	0.10604	0.0015	0.0163	0.01813	0.01168	0.01841	0.00296	0.00999	0.04323	0.01024	0.02262	0.00216	0.01091	0.15316	0.12618	0.01566	0.53712	0.35782	0.85988	0.12987	0.5143	0.02034	0.03234	0.00311	0.02253	0.0	0.03869	0.0	0.08429	0.04238	0.1007	0.00509	0.00261	0.02613	0.01339	0.04904	0.00219	0.06738	0.00993	0.01671	7.8E-4	3.4E-4	0.01149	0.00295	3.0E-4	0.00329	3.3E-4	4.1E-4	5.0E-4	4.1E-4	0.00348	0.01569	0.00226	0.00102	2.9E-4	0.00208	0.0386	0.01287	4.2E-4	0.01305	0.00285	0.01534	0.4967	0.03076	0.02469	0.003	0.03487	0.01232	0.02422	0.01899	0.0026	0.08712	0.02468	0.01319	0.00195	0.0958	0.08154	0.00148	0.01118	0.01778	0.02654	0.00504	0.0251	0.03023	0.00205	0.00797	0.01079	1.9E-4	0.0	0.0415	2.7E-4	0.05444	0.00123	0.00259	0.04437	0.04433	0.01496	0.01196	0.00312	2.9E-4	0.02107	0.0297	0.12131	0.02921	0.00366	0.01585	0.0372	0.00819	0.0028	0.09747	3.9E-4	0.02715	0.03897	0.00323	0.04387	0.02679	0.0127	0.00261	0.08794	0.02323	0.02099	0.02512	0.00173	0.00651	0.00118	0.00529	0.03075	0.00373	3.5E-4	0.03969	0.00141	0.02659
